OTU	Acanthamunnopsis3	Cyclothone1	Cyclothone2	Cyclothone3	Cyclothone4	Euphausia1	Euphausia2	Euphausia3	Euphausia4	Stenobrachius1	Stenobrachius2	Stenobrachius3	Stenobrachius4	Poeobius1	Poeobius3	Eusergestes1	Eusergestes2	Eusergestes4
OTU4	0	0	1	0	0	0	0	1	0	36	2	0	0	1	0	0	0	0
OTU6	0	0	1	2	0	1	0	0	0	6	0	4	6	0	0	9	7	1
OTU20	0	12	14	12	1	3	5	6	4	1	1	0	1	0	0	3	9	6
OTU28	0	0	0	0	1	0	0	0	2	0	2	0	0	0	1	1	3	1
OTU29	0	2	2	3	5	1	2	1	2	0	1	1	0	0	1	0	1	0
OTU34	0	3	3	0	0	24	24	41	40	4	5	1	1	0	1	8	9	22
OTU37	0	0	0	0	0	1	0	1	2	1	2	0	1	1	0	2	2	2
OTU44	0	0	0	0	0	14	14	19	19	4	3	2	0	56	61	0	5	13
OTU46	0	1	1	1	0	24	14	15	25	10	16	10	8	13	12	55	54	131
OTU49	0	0	2	1	0	1	1	0	0	1	0	1	1	0	1	4	1	1
OTU57	0	4	3	1	1	0	0	0	0	6	10	13	18	3	3	1	0	0
OTU59	0	0	0	0	0	1	3	2	4	0	0	0	1	1	0	2	6	5
OTU60	0	0	5	3	1	1	1	0	3	6	1	6	4	8	14	0	1	5
OTU61	0	8	3	10	6	32	37	37	33	12	12	6	16	15	22	3	5	10
OTU63	0	21	39	51	11	11	5	5	5	4	2	3	4	1	2	3	5	8
OTU64	0	0	0	0	1	2	2	2	3	2	1	1	2	19	12	9	6	5
OTU66	0	0	1	0	1	1	1	2	1	1	0	1	1	1	2	5	7	6
OTU67	0	0	4	0	1	4	2	0	3	7	9	2	3	4	1	6	3	6
OTU68	0	8	10	14	3	2	0	2	0	14	18	15	18	11	3	1	0	3
OTU72	0	1	1	1	0	0	1	0	0	3	0	4	0	0	0	1	3	2
OTU96	0	0	0	0	0	0	0	0	0	14	0	7	0	0	0	0	0	0
OTU97	0	0	0	0	0	0	0	0	0	8	0	0	0	1	0	0	2	2
OTU98	0	1	3	3	0	0	0	0	0	3	3	2	3	0	0	0	1	0
OTU100	0	0	0	0	0	0	0	0	0	8	5	0	0	0	0	0	0	0
OTU102	0	0	0	0	0	0	0	0	0	0	21	0	0	0	0	0	0	2
OTU103	1	0	0	0	4	0	0	9	0	9	0	12	0	0	4	7	0	0
OTU117	0	0	0	0	0	0	0	0	0	0	0	0	0	0	0	2	10	2
OTU120	0	0	0	0	0	0	0	0	0	0	0	0	0	5	7	0	0	0
OTU132	0	47	74	89	81	234	604	422	201	96	57	158	107	70	103	185	106	183
OTU136	0	0	0	2	2	1	2	2	4	0	0	0	0	0	0	1	2	2
OTU137	3	4	5	2	2	2	2	0	2	6	2	2	13	0	0	5	5	0
OTU138	0	0	0	0	0	0	0	0	0	8	6	5	6	0	0	0	0	0
OTU156	41	0	0	0	0	0	0	0	0	0	0	0	1	0	0	0	0	0
OTU165	0	0	0	0	2	0	0	0	0	0	8	3	2	0	0	0	0	0
OTU175	0	2	1	1	3	0	0	0	0	3	0	1	0	7	3	0	0	1
OTU179	0	11	5	19	6	0	0	0	0	2	0	0	6	4	7	1	1	0
OTU190	0	0	0	1	0	0	0	0	0	0	0	0	0	0	0	9	12	3
OTU201	0	0	0	0	0	0	0	0	0	32	28	37	55	0	0	0	1	0
OTU206	1	4	2	1	0	7	18	16	9	0	1	0	0	0	0	0	0	0
OTU212	7	0	0	0	0	0	0	0	0	0	23	0	0	0	0	0	0	0
OTU218	1	0	0	0	1	1	0	0	0	4	0	1	0	0	0	1	0	2
OTU219	0	16	24	31	2	0	0	0	0	0	2	2	0	0	0	11	11	7
OTU223	0	22	26	31	0	0	0	0	0	0	0	1	0	0	1	0	0	0
OTU225	0	0	0	0	0	4	3	1	2	0	0	0	0	3	0	0	2	1
OTU239	0	3	3	0	40	120	263	141	77	7	8	15	11	0	0	0	0	0
OTU244	3	0	15	0	0	0	0	8	0	87	280	0	64	0	0	0	0	0
OTU245	86	0	31	7	14	9	7	82	3	615	108	118	78	17	3	28	1	65
OTU247	3	0	2	0	2	0	0	2	0	7	2	4	1	1	0	0	1	1
OTU260	0	0	0	0	1	1	0	0	0	1	0	1	0	0	0	10	7	16
OTU268	0	0	0	1	1	1	0	0	0	1	0	0	1	7	21	2	2	0
OTU271	0	2	7	4	2	2	0	1	0	1	8	1	4	0	0	2	4	1
OTU274	0	0	0	1	2	0	0	0	0	0	3	1	2	1	1	1	1	0
OTU277	0	0	0	0	0	0	1	1	1	1	1	2	2	1	3	0	4	3
OTU289	0	6	2	1	2	0	0	0	0	0	0	0	1	0	0	0	0	0
OTU294	0	0	1	2	3	1	0	1	0	8	7	4	4	0	0	1	0	1
OTU296	0	0	0	0	0	0	0	0	0	0	0	0	0	7	7	0	0	0
OTU297	0	0	0	0	0	183	440	336	114	0	14	6	3	12	28	106	60	105
OTU320	0	59	86	88	65	1	5	2	3	239	228	177	299	4	4	34	23	22
OTU341	0	58	71	91	41	36	74	66	32	11	21	18	28	8	2	23	15	15
OTU342	0	0	0	0	0	4	0	8	5	0	0	0	0	0	0	0	0	0
OTU344	1	0	0	0	0	0	0	0	1	9	0	0	0	0	0	0	0	0
OTU347	0	19	33	21	20	2	3	2	1	20	11	6	20	4	2	0	2	2
OTU348	0	2	7	4	4	2	0	2	1	1	1	0	2	0	0	2	7	3
OTU350	0	22	6	18	3	4	0	0	3	4	4	5	13	0	2	7	9	12
OTU358	0	0	20	0	0	0	0	0	0	0	0	0	0	0	0	23	0	0
OTU361	0	0	0	0	0	1	0	0	0	4	0	8	0	0	0	0	0	1
OTU366	0	2	5	7	6	0	0	0	0	0	0	0	1	0	0	2	0	4
OTU368	0	4	4	14	10	0	0	0	0	18	2	0	0	0	0	0	4	2
OTU373	0	10	17	15	11	0	0	0	0	0	0	0	0	0	0	0	0	0
OTU379	0	1	1	0	5	0	0	0	0	5	0	1	1	0	0	0	0	0
OTU387	0	24	38	32	21	5	6	7	3	10	10	6	9	1	2	9	13	10
OTU391	0	11	3	12	8	1	0	0	1	4	8	5	2	2	1	11	17	20
OTU399	0	1	0	1	0	0	0	0	1	0	0	2	1	3	3	0	3	0
OTU408	0	0	0	0	2	0	0	2	0	1	1	0	0	6	5	0	0	0
OTU418	0	0	0	0	1	1	1	0	2	0	0	0	0	0	0	2	0	18
OTU423	0	0	0	0	0	0	0	0	0	0	1	1	0	21	28	8	9	14
OTU426	0	0	2	2	1	1	4	4	2	0	0	2	0	0	1	1	3	0
OTU428	0	0	0	0	0	1	0	2	0	0	0	1	0	0	0	25	32	23
OTU433	0	2	2	0	0	0	0	0	0	14	9	18	17	3	2	1	0	3
OTU438	0	0	0	2	0	2	2	1	3	2	2	1	0	2	5	29	24	33
OTU445	0	0	3	3	0	30	14	20	19	2	3	8	6	1	0	1	1	1
OTU462	0	11	7	10	8	1	0	1	3	2	0	3	2	3	2	1	0	0
OTU469	0	4	0	0	2	0	0	0	1	5	5	0	6	4	0	0	0	0
OTU471	0	0	0	0	0	2	7	4	4	0	2	0	0	1	0	0	0	0
OTU472	0	0	0	0	0	0	0	0	0	0	0	0	3	0	0	0	0	14
OTU477	0	0	5	3	2	0	0	2	0	2	2	4	0	3	2	2	0	0
OTU489	0	61	38	15	52	0	0	14	0	0	0	0	0	0	0	0	0	0
OTU491	0	0	4	0	0	0	0	0	0	4	2	5	3	6	6	31	44	29
OTU493	0	0	1	0	0	0	0	0	0	2	1	2	0	2	1	7	2	6
OTU496	0	0	0	0	3	0	1	1	0	0	2	0	0	0	1	3	1	2
OTU498	0	15	0	0	0	0	0	0	0	0	0	0	17	0	0	0	0	0
OTU500	0	2	2	0	1	0	1	0	1	0	0	0	1	3	3	38	21	30
OTU502	0	0	0	0	0	5	0	1	0	4	0	0	0	0	0	1	1	3
OTU503	0	2	0	0	5	0	0	0	0	6	2	5	1	0	0	0	0	1
OTU507	0	0	2	6	2	0	0	0	0	1	1	2	0	4	4	3	1	8
OTU510	0	0	1	0	1	0	0	0	0	1	4	5	4	1	1	0	0	1
OTU512	0	0	2	8	3	1	0	0	1	0	0	0	0	2	2	0	1	1
OTU515	0	1	0	0	0	0	0	3	0	0	0	1	2	5	3	0	0	0
OTU516	0	2	4	0	2	0	0	0	0	5	0	0	0	3	0	0	0	2
OTU518	0	2	2	2	1	0	0	0	0	2	3	2	3	5	4	23	37	27
OTU521	0	0	0	0	0	0	0	0	2	0	4	0	14	0	0	13	9	8
OTU523	0	47	46	63	79	14	30	15	20	54	52	27	60	4	12	23	23	14
OTU528	0	1	2	1	4	0	1	1	0	3	2	6	14	2	2	2	0	1
OTU529	0	24	58	55	10	1	3	0	0	30	6	25	12	1	1	11	5	7
OTU530	0	25	26	26	28	21	28	24	25	97	44	53	68	17	20	70	89	57
OTU541	0	24	29	26	18	1	2	0	1	49	30	32	34	8	3	7	6	7
OTU544	0	0	0	2	0	0	0	0	0	0	0	0	0	0	0	0	4	5
OTU547	0	0	0	0	0	0	0	8	8	0	3	0	0	0	0	5	0	0
OTU548	0	0	0	0	0	0	0	0	0	0	0	0	0	0	0	3	5	7
OTU549	0	2	0	2	2	16	0	11	6	2	1	1	2	1	0	14	9	10
OTU562	0	0	0	1	0	0	0	2	0	0	0	0	0	6	13	70	65	63
OTU563	0	158	132	190	190	4	10	2	1	205	146	201	185	0	0	0	0	0
OTU569	0	0	0	3	4	7	13	0	8	1	1	2	1	1	1	15	3	7
OTU571	0	0	0	0	0	0	0	12	4	5	0	0	3	5	7	0	0	4
OTU573	0	0	0	5	0	3	3	2	2	0	1	0	0	0	0	3	2	1
OTU581	0	0	1	2	0	8	7	15	6	0	6	4	3	11	8	2	7	7
OTU584	0	9	7	7	0	0	0	0	0	0	0	0	0	0	0	0	0	0
OTU585	0	3	0	1	5	3	0	0	0	2	2	3	0	0	0	3	4	3
OTU590	0	7	7	0	0	4	6	11	8	1	1	2	2	63	91	3	6	8
OTU591	0	0	5	13	5	32	29	25	14	2	3	0	2	1	1	0	1	1
OTU597	0	1	0	0	0	1	4	1	0	3	2	0	0	0	2	1	2	0
OTU601	0	0	0	0	0	0	8	0	4	0	0	0	0	0	0	0	0	0
OTU606	0	0	0	0	0	0	0	0	0	3	0	0	3	1	0	4	3	7
OTU608	0	0	0	2	0	0	0	0	0	2	1	0	0	0	1	6	6	4
OTU610	0	2	10	4	24	6	0	7	0	36	19	22	46	0	0	3	12	14
OTU612	0	0	0	0	0	0	0	8	12	0	1	0	0	1	0	0	2	0
OTU614	0	0	0	0	7	0	0	0	26	0	0	0	0	0	0	0	0	0
OTU621	0	0	0	0	0	0	18	0	0	0	2	6	1	0	1	0	0	0
OTU622	4	5	4	0	0	44	34	56	0	20	25	20	12	0	0	0	4	15
OTU625	0	0	0	0	0	0	0	0	0	0	9	0	5	5	0	0	11	7
OTU634	0	9	15	8	22	66	220	118	71	10	11	14	4	0	0	0	0	0
OTU644	0	0	0	0	0	3	0	0	4	0	0	3	0	1	0	4	1	4
OTU649	0	5	0	3	1	0	0	6	0	1	3	0	0	0	2	0	1	0
OTU651	0	0	0	1	0	0	0	0	0	0	0	1	0	4	11	0	0	0
OTU657	0	0	0	0	0	2	2	2	3	0	1	0	0	0	0	1	0	0
OTU665	0	20	0	0	32	0	0	0	0	0	0	0	0	0	0	0	0	0
OTU668	1	0	0	0	0	0	0	100	0	21	0	0	0	0	0	0	0	0
OTU669	0	0	0	0	0	0	0	0	0	0	5	11	0	0	0	0	0	0
OTU683	0	0	0	0	0	0	0	0	0	1	1	1	1	0	0	3	3	5
OTU692	0	0	0	0	0	4	3	7	3	0	0	0	0	0	0	0	1	1
OTU698	0	0	0	0	0	129	47	42	140	0	4	7	0	5	7	6	6	8
OTU704	0	0	0	2	32	0	0	0	0	0	0	0	0	0	0	0	0	0
OTU705	0	0	1	1	0	3	0	0	0	1	0	1	0	2	2	1	0	1
OTU709	0	0	0	24	0	0	0	0	0	0	0	0	0	0	0	7	0	0
OTU713	0	52	13	24	18	0	0	0	0	10	18	0	0	0	0	0	0	0
OTU721	0	0	0	0	0	0	0	0	0	0	0	5	0	0	11	0	0	0
OTU725	0	34	84	86	46	0	0	0	0	42	51	79	97	0	0	19	0	0
OTU726	0	0	0	0	0	0	0	0	0	20	0	0	29	0	0	0	0	0
OTU743	0	0	0	75	0	0	0	0	0	33	44	0	63	0	0	0	0	38
OTU746	0	0	0	0	0	0	0	0	0	0	0	0	0	0	0	115	118	73
OTU756	0	0	0	0	0	0	14	0	0	0	0	0	0	0	0	4	6	0
OTU758	0	0	0	0	21	14	6	62	40	104	25	25	106	0	0	5	5	9
OTU762	0	3	6	3	0	0	0	0	0	0	0	0	0	0	0	0	0	0
OTU764	0	0	0	2	0	1	0	0	1	1	0	0	0	0	0	2	2	4
OTU769	0	0	0	0	0	0	0	0	0	6	12	16	0	3	10	0	0	0
OTU773	0	0	0	0	0	0	0	0	0	14	3	4	0	0	0	0	2	0
OTU774	0	4	6	6	5	0	0	0	0	0	1	0	0	6	5	3	1	7
OTU775	0	0	0	0	1	3	0	5	5	0	0	0	0	0	0	0	0	0
OTU782	0	0	2	1	0	0	0	0	0	2	0	1	2	0	0	3	2	3
OTU783	0	0	0	0	0	0	0	0	0	0	0	0	0	10	7	0	0	18
OTU794	0	0	0	0	0	0	25	0	0	0	5	0	0	0	0	0	0	0
OTU798	0	163	140	207	141	216	541	376	193	15	19	21	23	1	0	74	25	49
OTU801	0	15	17	18	21	1	0	0	0	13	11	6	17	4	3	0	0	0
OTU802	0	0	0	0	0	0	0	1	0	0	0	0	0	3	2	7	10	3
OTU807	0	0	1	1	0	0	0	0	0	1	1	0	1	2	0	4	9	10
OTU808	0	0	2	0	0	5	5	9	2	2	5	14	5	9	10	0	8	2
OTU811	0	0	0	0	5	0	1	0	0	0	0	0	0	0	0	4	15	18
OTU818	8	0	3	0	0	0	0	0	0	0	0	0	0	0	0	0	0	0
OTU842	0	3	15	11	4	18	28	31	10	0	4	1	2	0	2	2	4	0
OTU870	63	5	11	0	2	0	0	0	3	18	5	8	9	2	1	0	2	4
OTU872	13	0	0	0	0	0	0	0	0	4	0	6	0	1	0	0	0	0
OTU873	18	0	0	0	3	0	0	1	0	0	1	0	2	0	0	3	0	0
OTU876	34	0	0	0	0	0	0	0	0	4	3	0	3	1	0	0	0	0
OTU893	17	0	0	0	0	0	0	0	0	0	0	1	0	0	0	0	0	0
OTU894	0	2	1	0	3	2	1	1	2	2	0	2	2	0	0	46	47	34
OTU901	0	144	186	219	153	292	805	551	246	100	49	138	92	107	161	232	163	270
OTU905	6	25	35	25	13	19	33	33	17	11	11	17	22	1	3	4	5	0
OTU907	0	123	138	142	98	11	36	34	22	42	23	31	29	11	13	19	15	8
OTU910	0	0	1	0	0	8	0	0	3	2	1	0	1	0	0	10	28	20
OTU912	0	2	5	8	0	0	0	0	0	0	0	0	0	0	0	0	0	0
OTU920	0	5	3	2	0	0	0	0	0	1	1	0	2	0	0	4	7	5
OTU925	14	0	1	0	0	0	0	0	0	0	0	1	0	0	0	0	0	0
OTU927	0	0	0	0	0	0	0	0	0	2	4	0	5	1	0	2	0	0
OTU955	1	0	0	0	0	0	0	0	0	0	0	0	0	0	0	114	67	97
OTU960	0	0	0	0	0	12	31	21	12	0	1	2	1	0	0	2	6	4
OTU965	0	1	2	4	3	0	0	0	0	3	4	3	4	8	13	10	8	9
OTU971	0	0	1	0	1	0	2	2	0	3	6	4	3	0	2	5	0	2
OTU1001	7	1	0	0	0	0	0	0	0	1	3	0	2	0	0	2	0	1
OTU1009	1	6	4	14	15	92	255	202	95	2	4	6	3	0	0	120	63	110
OTU1018	0	0	1	0	0	0	0	0	0	3	3	1	0	0	0	9	0	5
OTU1022	17	0	1	0	0	0	0	0	0	0	0	0	0	0	0	0	0	0
OTU1031	9	0	0	0	0	0	4	0	0	0	0	7	2	0	0	0	0	0
OTU1039	688	3	9	9	33	2	9	2	3	74	60	56	39	8	2	7	8	19
OTU1062	8	0	0	0	0	1	0	0	0	0	1	2	1	0	0	0	0	0
OTU1078	1	10	9	8	0	0	0	0	15	8	14	4	15	10	6	73	69	46
OTU1085	31	0	0	0	0	0	0	0	0	16	0	2	0	0	0	0	0	0
OTU1094	0	39	32	56	35	17	43	24	7	9	1	30	21	57	97	8	5	8
OTU1097	0	0	0	0	0	0	1	2	1	4	0	0	0	4	3	3	3	2
OTU1099	0	0	0	0	1	0	0	5	0	0	4	0	4	2	0	16	0	4
OTU1106	0	0	0	0	0	0	0	0	0	0	0	0	0	0	0	7	0	21
OTU1107	0	0	0	0	0	0	0	0	0	0	0	0	4	0	0	0	23	0
OTU1112	9	0	3	3	3	0	0	2	0	5	7	6	7	0	3	1	0	1
OTU1133	1	0	0	0	0	0	0	4	2	0	0	0	1	0	0	2	1	2
OTU1136	0	13	7	25	19	0	0	0	0	90	105	60	67	0	0	0	0	0
OTU1137	0	0	0	2	0	0	0	0	1	5	3	3	5	0	1	0	2	0
OTU1144	0	0	1	1	0	0	0	0	0	0	1	0	0	0	0	4	3	4
OTU1152	0	0	0	0	0	0	0	0	0	0	6	15	0	0	0	0	0	0
OTU1158	0	1	0	0	1	2	3	2	0	1	3	0	2	0	0	0	0	0
OTU1163	0	0	5	6	3	6	14	21	0	0	3	16	0	4	4	0	0	0
OTU1168	0	2	0	0	0	1	1	0	0	1	2	1	0	19	19	0	0	1
OTU1169	0	1	1	0	5	0	4	2	0	14	11	11	23	0	0	19	8	11
OTU1172	0	0	0	0	0	1	1	2	0	0	0	0	1	0	0	0	3	8
OTU1179	0	0	0	1	1	3	1	9	6	1	1	0	0	23	20	1	2	1
OTU1187	0	0	1	0	1	0	0	0	0	3	1	1	1	1	1	1	2	0
OTU1189	0	5	17	9	7	5	6	7	7	8	2	1	6	0	0	4	2	3
OTU1191	0	11	21	23	14	1	2	7	2	15	14	3	17	1	1	7	15	13
OTU1197	0	25	38	33	20	4	5	3	3	2	2	2	5	0	0	7	7	12
OTU1200	0	0	0	0	0	0	0	0	0	0	7	0	0	0	0	6	0	0
OTU1201	0	0	0	0	0	0	0	0	2	0	0	0	0	0	0	5	3	2
OTU1204	0	0	0	0	0	0	0	0	0	0	0	0	0	0	0	9	2	0
OTU1214	0	1	0	2	1	3	1	1	1	3	1	0	0	0	0	0	0	0
OTU1217	0	0	0	0	0	113	325	202	46	0	18	0	0	0	0	0	0	0
OTU1226	0	0	0	1	0	2	0	1	1	0	0	0	2	0	0	1	0	3
OTU1230	0	1	0	0	0	3	0	2	4	0	0	0	0	0	2	0	0	0
OTU1238	0	2	13	9	7	6	7	13	5	13	21	21	15	3	0	0	0	0
OTU1243	0	8	6	4	3	10	12	7	8	6	2	3	8	9	7	54	43	31
OTU1247	0	0	1	0	0	0	0	0	0	0	0	0	0	20	2	0	0	0
OTU1249	0	0	0	2	0	2	0	0	0	1	0	2	4	0	0	0	0	0
OTU1257	0	0	0	0	0	10	1	0	0	0	0	1	0	1	2	2	7	2
OTU1258	0	0	1	0	0	0	7	0	0	1	0	1	1	1	0	2	0	0
OTU1263	0	2	1	3	1	0	2	13	1	7	2	3	3	1	2	13	21	35
OTU1264	0	3	6	0	0	2	0	2	1	3	3	1	1	0	0	5	4	4
OTU1269	0	0	0	0	1	41	120	113	84	0	1	1	2	0	0	0	0	1
OTU1275	0	0	0	1	0	3	2	0	0	1	0	0	0	4	1	0	0	0
OTU1280	0	2	6	5	2	6	5	4	19	5	3	4	2	1	5	0	0	0
OTU1282	0	0	0	3	0	0	0	1	3	1	0	1	0	1	1	0	0	0
OTU1287	0	2	1	6	1	0	0	0	0	6	8	5	3	2	4	0	0	0
OTU1292	0	6	6	2	5	0	2	4	2	39	23	21	37	0	0	59	51	53
OTU1294	0	0	0	0	0	0	2	4	1	0	0	0	0	1	0	13	10	12
OTU1296	0	0	0	0	0	0	0	0	0	1	0	0	0	1	0	5	5	7
OTU1297	0	0	4	7	8	0	0	0	0	14	8	10	3	2	0	1	0	0
OTU1300	0	0	0	3	0	0	0	0	5	0	2	0	3	0	0	0	2	0
OTU1302	0	0	0	2	2	0	1	0	0	1	0	0	2	1	0	2	0	3
OTU1304	0	0	0	0	0	0	0	0	7	0	0	2	8	13	10	25	29	29
OTU1305	0	0	0	1	0	0	0	0	0	0	1	1	1	0	0	43	37	31
OTU1309	0	10	20	0	0	0	0	0	0	0	0	0	0	0	0	0	0	0
OTU1311	0	0	0	0	0	3	1	8	10	0	0	0	1	0	0	1	0	1
OTU1325	440	22	0	0	20	0	45	25	5	91	27	30	13	11	11	20	21	36
OTU1337	13	0	0	0	0	0	0	0	0	8	0	0	0	1	0	0	0	9
OTU1340	0	0	0	0	0	6	4	5	14	0	1	0	0	0	0	0	0	0
OTU1343	0	0	0	0	0	4	8	5	5	2	0	2	2	8	6	6	8	5
OTU1347	0	4	3	6	3	1	0	2	2	29	8	17	15	2	3	3	1	4
OTU1350	0	0	2	0	0	1	0	0	1	2	3	0	5	1	1	16	9	18
OTU1351	0	6	17	12	7	0	0	0	0	4	8	3	1	1	1	0	1	0
OTU1355	0	1	2	1	3	0	0	1	1	3	0	0	0	3	0	0	0	1
OTU1360	0	8	5	12	6	6	0	8	9	16	9	9	10	22	19	3	2	4
OTU1364	0	0	0	0	0	0	3	0	2	0	0	4	0	2	0	3	0	0
OTU1372	0	0	0	1	0	5	0	2	2	0	0	0	0	0	0	0	0	1
OTU1374	12	1	0	2	3	0	1	0	3	6	17	8	9	1	0	1	1	0
OTU1383	0	0	0	1	0	3	1	0	1	0	1	0	0	0	0	1	1	2
OTU1389	0	0	0	0	0	0	0	0	0	0	2	0	8	1	0	2	0	0
OTU1394	0	0	0	0	0	0	0	6	0	13	0	0	0	0	0	0	0	0
OTU1395	0	0	0	0	0	0	0	0	0	0	6	18	0	0	0	4	3	2
OTU1409	29	0	0	0	0	0	0	0	0	1	0	0	0	2	0	0	0	0
OTU1412	0	9	6	19	4	0	0	0	0	12	4	3	12	0	0	2	1	3
OTU1413	0	2	2	2	1	0	0	0	0	0	2	2	6	0	0	0	1	1
OTU1414	0	0	0	1	2	8	12	24	7	0	2	0	1	37	36	0	1	3
OTU1427	0	2	0	0	3	2	0	0	3	7	5	9	7	3	5	2	1	3
OTU1429	0	0	0	2	0	0	0	0	0	3	4	0	0	16	12	0	0	1
OTU1431	0	8	2	0	2	6	23	21	6	8	17	10	12	2	5	12	26	36
OTU1432	0	2	2	6	0	2	0	2	5	7	11	7	5	8	9	7	18	4
OTU1434	0	26	33	55	32	6	16	9	7	21	42	14	60	2	6	6	3	7
OTU1435	0	0	0	15	9	0	0	0	0	0	6	7	24	0	10	0	0	0
OTU1439	2	0	0	0	0	0	0	0	0	0	0	0	0	0	0	17	0	0
OTU1442	0	0	0	0	0	5	2	7	16	0	2	5	0	1	1	7	3	11
OTU1445	9	0	0	0	0	0	0	0	0	1	0	1	1	0	0	0	0	0
OTU1454	1	0	0	0	0	0	0	1	0	4	1	5	0	0	0	0	0	0
OTU1458	0	0	0	2	0	0	0	0	0	1	1	0	3	1	2	3	6	5
OTU1459	0	8	2	10	6	0	0	0	1	3	1	2	4	15	20	12	3	6
OTU1473	10	0	0	0	1	0	0	1	0	3	1	1	6	0	0	0	0	0
OTU1474	5	0	0	0	1	0	4	1	2	1	2	2	1	0	0	0	0	2
OTU1477	6	0	0	0	0	0	0	0	0	0	46	0	0	0	0	0	0	0
OTU1478	3	0	1	0	1	5	4	4	3	3	2	3	3	0	0	0	0	0
OTU1493	7	0	0	0	0	0	0	0	0	0	0	49	14	0	0	0	0	0
OTU1497	0	0	1	0	0	1	2	0	2	2	0	2	4	3	5	1	0	1
OTU1508	0	0	0	0	0	0	0	0	1	1	0	0	1	0	0	5	1	2
OTU1512	0	3	1	7	1	0	3	1	4	5	12	2	5	5	5	1	4	3
OTU1514	0	0	1	1	0	1	2	0	1	3	4	2	0	0	0	5	6	2
OTU1516	0	0	0	0	0	0	0	0	0	0	14	0	3	0	0	0	0	0
OTU1521	0	0	0	0	0	0	0	1	0	0	13	0	0	0	0	0	1	0
OTU1523	0	2	4	1	0	1	0	0	1	1	1	0	1	3	1	0	0	2
OTU1524	0	0	0	0	0	0	0	0	0	0	3	2	9	0	0	0	0	0
OTU1526	0	0	0	0	0	4	13	9	10	0	0	0	0	0	2	0	0	0
OTU1532	0	0	0	2	0	4	4	4	1	3	1	0	4	1	0	1	1	0
OTU1533	0	1	0	0	0	1	2	1	0	2	0	6	2	0	0	0	0	0
OTU1540	0	0	3	0	0	4	2	1	0	0	2	17	0	1	1	0	0	0
OTU1551	0	2	1	4	4	0	0	0	0	102	52	43	101	11	0	1	5	6
OTU1552	0	0	0	0	0	2	2	0	2	0	4	1	1	4	1	3	0	0
OTU1561	0	1	0	0	1	2	2	4	1	0	3	3	0	2	6	28	17	18
OTU1562	0	1	2	2	1	0	0	0	0	3	0	0	3	0	1	3	1	2
OTU1566	0	0	4	0	2	4	4	15	16	0	1	0	9	0	0	12	6	3
OTU1567	0	1	7	2	1	1	1	0	0	1	1	0	0	1	0	0	1	0
OTU1570	0	2	4	3	7	4	1	0	0	8	5	8	5	2	3	6	6	9
OTU1571	0	0	0	0	0	3	1	7	1	0	0	0	0	0	0	0	0	0
OTU1572	0	0	0	0	0	7	5	9	8	0	1	2	0	0	0	0	0	0
OTU1573	0	1	0	0	0	3	2	1	0	0	0	0	0	0	4	1	0	1
OTU1575	0	11	17	6	6	1	3	8	3	5	11	0	5	3	0	15	4	1
OTU1580	0	0	0	5	4	0	10	14	3	0	20	0	6	0	0	0	0	4
OTU1582	0	6	13	7	4	4	5	4	1	4	0	3	3	1	3	1	0	7
OTU1583	0	9	4	13	105	0	0	0	0	4	0	6	10	0	0	0	0	0
OTU1584	0	6	4	7	6	0	0	1	0	5	3	0	4	2	1	0	0	0
OTU1592	0	0	0	0	0	0	0	0	1	0	2	1	0	2	1	2	5	8
OTU1594	0	0	0	0	0	6	4	5	11	0	1	0	2	0	1	1	0	2
OTU1599	0	0	0	0	0	2	0	11	5	0	3	0	0	0	0	0	0	0
OTU1601	0	0	3	11	8	0	0	0	0	0	0	0	0	0	0	0	0	0
OTU1602	0	0	0	0	0	1	2	2	2	0	0	4	1	0	0	0	1	0
OTU1607	0	0	2	0	0	3	1	6	4	8	0	0	0	0	0	0	0	2
OTU1611	0	0	0	0	0	2	2	2	0	0	0	4	0	0	0	0	0	2
OTU1612	0	16	26	22	1	0	1	2	2	6	3	7	1	0	0	3	4	1
OTU1614	0	0	0	1	0	6	4	1	4	0	1	0	1	3	5	5	3	1
OTU1615	0	6	1	0	0	0	1	2	1	0	1	0	0	0	0	0	1	1
OTU1616	0	0	0	0	0	0	0	0	3	0	0	0	5	0	3	0	6	0
OTU1629	0	0	0	0	1	0	1	0	0	1	0	0	0	0	1	2	2	5
OTU1638	0	3	4	3	1	0	1	0	1	2	1	2	2	5	3	10	7	7
OTU1639	0	0	0	0	2	0	1	0	0	0	2	0	6	3	3	6	8	4
OTU1640	0	8	8	8	8	65	124	123	69	11	9	4	6	11	6	137	100	146
OTU1641	4	24	33	17	22	5	11	7	11	20	12	12	9	0	2	76	114	37
OTU1642	0	477	596	559	366	41	83	61	48	116	80	62	100	20	23	90	72	90
OTU1643	0	0	1	1	0	19	19	21	16	2	2	3	1	0	0	0	3	4
OTU1644	0	2	6	8	5	23	22	24	26	4	6	7	4	8	6	28	47	68
OTU1646	0	8	25	7	14	26	55	52	60	13	17	11	9	2	4	82	64	71
OTU1648	0	11	19	17	2	3	10	9	16	17	25	7	5	18	24	12	4	14
OTU1649	0	339	422	360	196	29	39	32	39	67	43	30	71	10	9	22	38	39
OTU1650	0	4	11	11	11	8	3	12	8	9	8	5	10	15	22	18	17	21
OTU1652	0	760	1006	931	646	148	270	306	188	247	179	125	250	77	77	142	158	163
OTU1654	0	0	0	0	0	0	0	0	0	3	1	4	4	0	0	0	0	0
OTU1657	0	0	0	0	0	0	0	0	0	0	0	0	0	8	7	0	0	0
OTU1659	0	5	11	14	0	0	0	0	0	0	0	0	0	0	0	0	0	0
OTU1662	0	19	24	21	8	1	0	0	0	14	0	6	16	0	0	0	4	0
OTU1663	0	0	0	0	0	0	0	0	0	13	0	0	10	0	0	0	0	0
OTU1668	0	1	0	0	0	7	4	9	10	0	1	3	2	1	0	0	0	1
OTU1670	0	0	0	0	0	0	0	0	0	5	5	0	2	0	0	0	0	0
OTU1672	0	4	5	0	0	1	4	3	3	3	0	0	1	9	3	0	2	0
OTU1673	0	6	12	11	6	0	0	1	0	0	0	3	0	0	0	0	2	0
