Category	Acanthamunnopsis1	Acanthamunnopsis2	Acanthamunnopsis3	Acanthamunnopsis4	Cyclothone1	Cyclothone2	Cyclothone3	Cyclothone4	Euphausia1	Euphausia2	Euphausia3	Euphausia4	Munneurycope1	Munneurycope2	Munneurycope3	Stenobrachius1	Stenobrachius2	Stenobrachius3	Stenobrachius4	Poeobius1	Poeobius3	Poeobius4	Poeobius5	Poeobius6	Eusergestes1	Eusergestes2	Eusergestes3	Eusergestes4	Tomopteris1	Tomopteris2	Vampyroteuthis1	Vampyroteuthis2
"Oligo- and Polysaccharide Biosynthesis"	849	1110	419	426	417	397	366	568	416	162	317	363	844	291	322	622	1099	856	865	716	672	384	466	540	829	752	381	702	595	537	368	375
"Various Oligo- and Polysaccharide Degradation"	1429	2324	576	976	1232	1209	1022	1943	1642	403	1118	1388	1922	588	1371	1594	2078	2158	2560	1341	1162	711	685	1056	2611	2283	1878	1494	1151	1151	532	746
"Cutin Degradation"	0	0	0	0	0	0	0	0	0	0	0	0	0	0	0	0	0	0	0	2	0	0	0	0	0	0	3	0	9	0	0	0
"Pectin Degradation"	88	88	29	15	66	65	55	94	145	37	106	101	56	8	67	108	104	97	155	66	48	24	40	24	161	156	60	102	47	43	12	15
"Lignin Degradation"	0	122	14	0	0	0	0	4	3	1	10	9	30	0	6	7	21	14	6	6	8	18	2	33	33	17	6	21	62	42	8	33
"Xylan Degradation"	20	15	12	6	20	33	23	56	38	9	30	34	30	10	23	56	58	59	84	52	28	12	4	24	90	93	39	51	48	20	8	15
"Cellulose Degradation"	168	112	32	52	11	16	38	102	227	43	142	170	58	36	89	87	91	142	186	126	61	39	73	72	160	232	141	151	83	10	40	10
"Sulfoquinovose Degradation"	0	0	2	0	0	0	0	0	0	0	0	0	0	0	0	0	1	2	1	0	0	0	0	9	0	0	6	0	0	10	0	0
"Furfural Degradation"	80	40	35	21	0	0	0	0	0	0	0	0	16	0	3	2	10	12	2	4	11	21	119	42	0	1	21	0	35	0	8	8
"Chitin Degradation"	29	145	44	51	9	13	13	99	70	24	32	56	38	22	77	35	123	116	90	111	38	3	21	42	162	137	126	117	107	54	20	15
"Monosaccharide Degradation"	1741	1684	647	945	1181	1302	1484	1676	1130	438	869	1201	1464	574	810	1611	2621	2012	3156	1330	1529	780	674	813	2119	1893	918	1573	1155	643	792	993
"Sugar Alcohol and Sugar Acid Degradation"	2073	1212	515	669	608	717	799	804	620	195	472	643	386	241	511	844	1293	912	1689	530	605	603	670	606	1175	944	531	695	987	245	792	691
"Amino and Nucleotide Sugar Metabolism"	4402	4430	1551	1461	3117	3029	3252	4123	3040	1308	2033	2869	3992	2234	1594	4083	6173	5214	6157	5280	5197	1857	1913	2229	5357	5162	2187	4541	2427	1909	1504	1454
"Fructoselysine Degradation"	0	0	0	0	17	12	19	18	57	1	21	29	2	0	55	25	23	26	23	18	4	0	0	0	41	33	3	33	0	0	0	0
"Glycolysis / Gluconeogenesis"	5262	4650	1757	1550	2574	2561	2509	3264	3020	1238	2054	2947	4034	2647	1757	3335	5527	4582	4903	5874	5655	2052	2051	2421	5070	4851	2235	4819	2637	1874	1632	1881
"Pyruvate Metabolism"	8741	6764	2573	2233	2952	2943	3176	3915	3561	1591	2508	3587	5458	3359	2137	4507	7732	6046	6820	6926	6777	2853	3130	3429	6502	6021	2655	6025	4113	2193	2536	2820
"Glyoxylate and Dicarboxylate Metabolism"	8468	6428	2751	2251	1792	1786	1972	2564	2142	858	1574	1997	3514	1538	1538	3018	6071	4117	4579	3522	3676	2211	3139	3759	4863	4520	2115	4141	4003	2105	2368	2544
"Sugar Fermentation"	5827	4788	1943	1702	1776	1761	1919	2517	2154	931	1550	2075	3918	1945	1488	2907	5012	3956	4559	3705	3609	1890	2187	2382	4491	4054	1743	3883	2843	1654	1820	1894
"Butanoate Metabolism"	6776	4981	1843	1549	1320	1368	1489	1839	1905	855	1378	1915	2880	1738	1131	2403	4589	3209	3570	4168	4032	2043	2275	2682	3744	3553	1617	3538	3243	1715	1744	2060
"Propanoate Metabolism"	4826	4050	1512	1302	1512	1441	1542	2003	1775	774	1209	1675	2986	1511	1111	2299	4080	3115	3472	3494	3351	1587	1705	2034	3518	3183	1449	3069	2166	1382	1412	1418
"Citrate Cycle"	4349	3650	1376	1228	1948	1803	1904	2646	1997	898	1409	2023	3018	1862	1161	2440	4229	3373	3771	4435	4372	1620	1616	1902	3670	3516	1629	3543	2132	1315	1352	1304
"Pentose Phosphate Pathway"	3348	2788	1235	1135	1678	1728	1859	2270	1821	779	1258	1759	2492	1472	1066	2249	3703	3052	3551	3093	3152	1245	1273	1470	3068	3012	1449	2820	1585	1233	1188	1190
"Inositol Phosphate Metabolism"	866	658	301	279	347	368	450	527	342	161	224	302	408	259	209	481	876	640	916	616	656	285	339	327	589	579	324	434	464	279	240	250
"Long-Chain Alkane Degradation"	348	215	88	67	32	35	35	52	127	30	77	101	110	50	117	59	130	66	108	111	99	57	86	96	180	99	54	172	132	64	116	141
"Chloroalkane and -alkene Degradation"	1018	793	361	224	277	263	276	372	493	209	352	450	474	433	310	498	816	605	656	880	870	264	354	372	804	650	282	735	462	258	284	498
"Limonene and Pinene Degradation"	824	955	251	201	49	53	49	78	145	49	98	137	380	74	169	134	464	210	213	219	179	162	211	402	375	276	153	300	476	391	200	306
"Geraniol Degradation"	999	1041	353	246	44	45	54	79	88	38	68	92	412	55	136	187	720	281	280	254	183	216	313	426	441	409	186	326	540	315	272	290
"Ketone Degradation"	0	92	46	0	18	23	24	28	40	4	34	19	12	26	42	32	59	45	34	25	26	21	12	12	80	53	9	48	15	9	8	3
"Caprolactam Degradation"	688	953	265	184	44	49	65	83	54	35	48	78	284	34	84	131	465	202	219	166	151	138	221	411	305	279	156	233	458	417	156	270
"Plastic Degradation"	10	95	15	0	60	32	14	58	1	0	21	1	26	2	3	22	29	30	4	1	10	39	8	15	16	18	6	3	37	10	16	3
"Dioxin Degradation"	457	476	171	105	13	20	16	35	46	18	43	68	44	43	41	88	444	141	148	58	38	60	118	162	238	164	75	203	141	23	64	128
"Various Aromatic Compound Degradation"	788	711	379	279	507	529	586	644	750	350	478	734	574	757	287	736	1288	968	1013	1695	1663	414	386	324	955	973	366	1158	437	337	256	357
"Aromatic Hydrocarbon Degradation"	2290	2685	1063	707	113	136	141	280	328	110	299	354	536	193	298	570	2086	746	881	543	416	423	826	1083	1428	1062	522	1107	961	508	552	1118
"Benzoate and Derivative Degradation"	5381	5793	1988	1365	191	237	285	443	724	239	595	868	1096	626	637	814	3753	1299	1305	1217	1125	1098	1705	2262	2194	1575	939	1887	2500	1162	1200	2177
"Chlorocyclohexane and Chlorobenzene Degradation"	883	739	298	127	47	37	35	74	61	20	61	73	34	39	65	104	540	124	164	101	92	156	289	357	255	179	123	222	328	98	156	322
"Other Aromatic Compound Metabolism"	168	206	67	75	7	12	15	21	44	10	26	26	2	25	55	58	120	78	66	91	35	33	123	108	136	146	63	142	86	60	8	174
"Methanogenesis"	1461	1218	623	443	1811	2308	2595	1617	4452	1958	2447	4189	2986	4969	1175	2817	4951	4264	4052	11915	11219	2115	849	678	4451	4805	1701	7135	734	240	388	388
"Methane Oxidation"	0	0	0	0	0	0	0	15	11	5	28	0	22	28	0	60	57	134	71	0	0	0	0	0	68	65	42	93	0	0	0	6
"Methanol and Methylamine Oxidation"	399	311	89	146	27	21	31	40	64	26	74	68	118	44	64	155	289	246	190	105	88	66	81	198	291	252	102	243	134	96	92	151
"Formaldehyde Assimilation"	1380	1088	492	426	769	766	841	1039	772	368	557	738	1094	677	421	995	1560	1358	1601	1422	1473	513	671	660	1334	1311	528	1178	663	444	448	426
"Carboxydotrophy"	110	157	76	24	59	78	93	54	171	68	104	157	122	187	74	112	165	152	125	357	314	75	150	120	201	188	96	342	111	87	0	339
"Other Carbon Metabolism"	923	579	248	194	183	208	238	306	231	104	164	210	434	160	143	397	620	534	645	257	257	243	280	288	618	535	213	507	356	221	284	185
"Protein Degradation"	5748	5012	1863	1740	2729	2645	2829	3800	3250	1307	2105	2827	4786	2294	2029	4073	6597	5502	6214	4720	4546	1815	2180	2532	6340	6015	2469	5359	2714	2295	1952	1783
"Amino Acid Metabolism"	43343	38232	14274	13321	13204	13515	14476	18299	17153	7056	11506	15935	27494	13032	10229	21584	40335	29448	31770	30003	29474	14118	15658	18885	32273	29873	13779	29139	20791	12744	14028	13798
"C5-Branched Dibasic Acid Metabolism"	1767	1664	542	438	644	678	770	893	844	404	585	812	1264	738	431	1120	1838	1507	1661	1922	1864	687	714	795	1437	1322	600	1393	805	568	500	609
"Carnitine Metabolism"	58	79	10	41	17	16	9	18	25	15	15	15	176	8	15	91	125	117	113	16	22	6	17	51	181	170	33	163	18	42	16	28
"Allantoin Degradation"	58	83	15	22	3	7	3	10	27	9	13	25	68	10	12	22	70	34	29	22	12	12	4	30	42	50	45	39	59	0	24	25
"Ureolysis"	250	461	413	273	258	177	97	270	108	32	154	191	514	104	192	206	561	313	228	148	88	99	371	288	216	232	222	231	313	147	160	419
"Amine and Polyamine Metabolism"	809	1446	483	423	239	277	323	380	434	136	247	345	622	291	256	474	1929	781	869	591	646	198	326	474	801	798	354	804	396	304	284	209
"Trimethylamine and -N-oxide Degradation"	0	15	12	0	59	64	106	93	48	29	21	24	224	12	18	103	185	155	243	35	99	0	6	3	183	201	36	165	3	24	8	15
"Ammonia Oxidation"	193	235	57	48	113	126	148	150	170	79	128	151	178	188	77	258	342	318	315	308	281	48	61	120	264	266	117	294	132	142	64	68
"Nitrogen Fixation"	341	243	220	85	309	303	343	405	445	247	326	472	332	547	231	549	721	753	677	1005	1072	207	260	141	507	456	201	589	150	87	104	239
"Assimilatory Nitrate Reduction"	484	218	189	71	3	6	15	24	28	8	26	20	0	14	33	69	116	100	100	36	40	99	205	180	80	92	69	58	184	60	120	195
"Assimilatory Nitrite Reduction"	660	355	236	131	16	29	26	35	84	27	90	79	184	43	71	127	191	153	157	64	57	138	281	234	192	184	120	134	269	84	176	244
"Dissimilatory Nitrate Reduction"	700	606	205	202	163	172	249	266	147	96	160	173	274	78	120	401	916	409	633	277	347	171	314	303	720	682	243	597	305	126	152	171
"Dissimilatory Nitrite Reduction"	620	246	93	113	114	84	86	160	73	40	80	54	268	51	64	246	364	321	350	105	141	120	193	177	508	477	171	413	225	86	124	144
"Dissimilatory Nitric Oxide Reduction"	579	113	60	56	9	15	7	29	48	22	37	39	104	37	51	80	88	106	143	34	36	111	149	213	145	130	72	123	170	115	120	168
"Dissimilatory Nitrous Oxide Reduction"	348	93	39	39	16	19	12	21	56	25	46	66	32	0	17	77	79	76	109	35	41	72	131	108	174	161	48	150	108	21	72	99
"Other Nitrogen Metabolism"	851	569	225	215	84	93	105	167	114	66	114	152	234	96	69	227	475	319	387	166	207	189	267	315	357	300	135	296	297	268	248	276
"Organosulfur Degradation"	822	1004	463	469	47	74	79	102	108	33	103	153	120	30	76	146	502	206	197	130	105	213	366	426	319	260	156	343	651	280	392	374
"Sulfur Oxidation"	254	143	188	94	106	90	119	202	53	43	50	74	30	60	143	155	240	177	206	65	109	51	230	174	151	130	84	105	110	96	44	258
"Assimilatory Sulfate Reduction"	1224	868	444	343	270	221	201	327	319	121	256	291	734	359	167	388	802	595	667	531	486	354	485	510	699	655	303	634	619	321	420	392
"Assimilatory Sulfite Reduction"	321	256	124	57	14	20	16	29	39	19	33	41	176	22	33	75	172	119	126	74	62	90	136	153	171	140	78	130	118	78	112	108
"Dissimilatory Sulfate Reduction"	155	185	51	48	83	92	110	124	66	38	60	69	198	34	65	143	260	157	212	93	98	57	71	87	153	167	51	116	82	80	52	35
"Dissimilatory Sulfite Reduction"	0	0	0	0	66	68	84	110	31	25	33	46	6	8	33	68	90	46	101	18	32	12	40	0	40	68	6	38	0	49	8	0
"Tetrathionate Reduction"	318	42	24	30	41	53	84	69	11	13	18	14	0	12	18	42	93	47	125	7	48	63	78	72	21	31	24	24	87	14	72	54
"Dimethylsulfoxide Respiration"	30	10	12	9	142	120	110	210	32	32	43	44	12	34	33	132	157	102	187	50	63	12	56	24	165	192	27	135	10	14	8	0
"Thiosulfate Respiration"	0	0	0	0	6	4	2	7	0	3	2	2	0	0	0	32	29	27	40	1	0	3	10	6	61	58	6	52	0	0	0	0
"Polysulfide Respiration"	0	0	0	0	12	8	4	13	0	7	4	4	0	0	0	64	53	53	78	1	0	3	10	0	123	118	12	104	0	0	0	0
"Sulfur Relay System"	1710	1679	593	595	919	924	1140	1228	1143	531	727	1108	1994	1010	580	1373	2504	1915	2169	2268	2347	753	718	828	2008	1974	741	1992	912	638	668	565
"Aerobic Hydrogen Oxidation"	0	10	0	0	0	0	1	0	3	0	9	7	6	12	15	15	12	45	15	1	1	0	8	0	13	14	12	16	0	0	0	0
"Anaerobic Hydrogen Oxidation"	10	15	133	3	383	424	478	469	694	339	432	775	414	821	252	674	889	830	768	1783	1774	312	88	6	918	1004	297	1335	0	93	40	210
"Hydrogen Generation"	20	56	90	6	331	398	441	394	1152	484	667	1243	762	1372	279	685	1044	918	763	3471	3481	732	70	6	1412	1623	648	2691	12	63	44	120
"Caffeate Respiration"	196	191	66	101	248	332	379	297	192	107	126	143	506	114	129	364	711	538	694	365	336	75	68	48	497	485	105	414	67	103	64	18
"Aerobic Respiration"	7913	5871	2693	2203	2549	2374	2636	3694	2346	1167	1801	2283	4066	2427	1852	3938	6578	5512	6174	4173	4040	1863	3267	3531	5660	5165	2539	4280	3704	3092	2527	2624
"Carbon Fixation"	8291	6473	2766	2111	3859	3712	3988	5184	4112	1945	2902	4123	5640	3936	2298	5191	8555	6839	7862	8724	8587	2979	3268	3633	7144	6824	3048	6894	3873	2606	2456	2918
"Photosynthesis"	2081	1599	760	609	1854	1636	1999	2823	1098	690	835	1290	1346	739	705	2403	3259	2726	3342	1411	1818	597	1191	1008	2056	2138	915	1504	1047	747	756	915
"Other Energy Metabolism"	1183	734	371	270	318	301	352	463	374	180	262	377	786	365	220	451	820	722	819	648	673	279	401	459	675	674	315	539	482	342	352	352
"Fatty Acid, Lipid and Steroid Metabolism"	17348	13687	5231	4350	4351	4152	4352	6458	4343	1946	3378	4338	8144	2872	3316	6711	12946	8918	10601	7508	6979	4347	5980	7170	10741	9596	4560	8272	8224	4991	5064	5173
"Cofactor and Vitamin Metabolism"	24932	21100	8552	7845	12208	11938	13054	16497	14076	6502	9521	13516	21970	11852	7459	17454	29833	23547	26756	27039	27117	9453	10289	11256	24845	24159	10170	24342	12634	8181	8304	8232
"One Carbon Pool by Folate"	1938	1964	661	639	1020	944	962	1400	844	385	624	767	1580	607	501	1266	2198	1772	1926	1437	1405	678	744	951	1655	1547	687	1254	969	768	676	558
"Choline Metabolism"	10	146	27	64	22	16	23	27	12	8	21	20	6	26	12	35	87	47	52	93	106	27	8	48	78	61	18	61	41	83	60	18
"Secondary Metabolite Biosynthesis"	8763	7867	3024	2771	3863	3695	3940	5634	3980	1829	2781	3810	5718	3101	2486	5389	8943	7139	8274	7023	6704	2853	3598	4011	7469	7103	3447	6313	4831	3285	2748	2881
"Glutathione and Other Response to Oxidative Stress"	6183	4457	1997	1620	1070	1081	1275	1684	1407	577	916	1213	2628	1007	950	1954	3906	2758	3154	2266	2195	1566	2156	2586	3271	3149	1617	2901	2744	1905	1700	1933
"Selenocompound Metabolism"	1821	1499	490	487	697	684	696	942	797	308	536	701	1344	608	472	1002	1659	1408	1470	1234	1243	651	677	735	1506	1448	678	1368	854	590	496	546
"Iron Metabolism"	4160	3997	1205	2110	1458	1469	1668	2198	1927	910	1354	1713	3884	1844	1239	2543	4179	3696	4213	3448	3653	1656	1403	1797	3834	3646	1563	3472	2697	1351	1608	1150
"Phosphonate and Phosphinate Metabolism"	2746	1002	771	745	143	182	185	196	262	105	194	298	492	354	266	288	522	451	373	320	362	684	1029	774	481	391	469	492	994	622	860	1376
"Unclassified Metabolism"	1039	787	329	326	303	317	338	419	611	253	376	520	916	448	290	527	909	773	852	1147	1042	399	429	402	987	946	375	927	469	256	312	345
