ASV	Acanthamunnopsis3	Cyclothone1	Cyclothone2	Cyclothone3	Cyclothone4	Euphausia1	Euphausia2	Euphausia3	Euphausia4	Stenobrachius1	Stenobrachius2	Stenobrachius3	Stenobrachius4	Poeobius1	Poeobius3	Eusergestes1	Eusergestes2	Eusergestes4
Zotu1314	0	0	0	0	0	0	0	0	0	0	0	0	0	0	0	0	0	19
Zotu1595	0	0	0	0	0	0	0	0	0	0	0	0	0	0	0	0	0	0
Zotu2167	0	14	0	0	0	0	0	0	0	0	0	0	0	0	0	0	0	0
Zotu1245	0	0	0	0	0	0	0	0	0	0	0	0	0	0	0	0	0	0
Zotu551	0	14	0	0	0	0	0	0	0	0	0	0	0	0	0	0	8	0
Zotu966	0	0	0	0	0	0	0	0	0	0	0	0	0	0	0	0	0	0
Zotu1241	0	28	0	0	0	0	0	0	0	0	0	0	0	0	0	0	0	8
Zotu1441	0	0	0	0	0	1	0	17	3	0	0	0	0	0	0	0	0	0
Zotu1773	0	19	0	0	0	0	0	0	0	0	0	0	0	0	0	0	0	0
Zotu2326	0	0	0	0	0	0	0	0	0	0	0	0	0	0	0	0	0	0
Zotu765	0	15	0	0	0	0	0	0	0	0	0	0	0	0	0	0	1	0
Zotu1200	0	0	0	0	0	0	0	0	0	0	0	0	0	0	0	0	0	0
Zotu2160	0	0	0	0	0	0	0	0	0	0	0	0	0	0	0	0	0	0
Zotu1462	0	0	0	0	0	0	0	0	0	0	0	0	0	0	0	0	0	0
Zotu1564	0	0	0	0	0	0	0	24	0	0	0	0	0	0	0	0	0	0
Zotu1573	0	0	0	0	0	0	0	0	0	0	0	0	0	0	0	0	0	0
Zotu1969	0	0	0	0	0	0	0	0	0	0	0	0	0	0	0	0	0	0
Zotu2261	0	0	0	0	0	0	0	0	0	0	0	0	0	0	0	0	0	0
Zotu1402	0	0	0	0	0	0	0	0	1	0	0	0	0	0	0	0	0	0
Zotu2114	0	0	0	0	0	0	0	0	0	0	0	0	0	0	0	0	0	0
Zotu375	0	33	0	0	0	0	0	0	0	0	0	0	0	0	0	0	0	0
Zotu1101	0	0	0	0	0	0	0	0	0	0	0	0	0	0	0	0	0	0
Zotu1105	0	0	0	0	0	0	0	0	0	0	0	0	0	0	0	0	0	0
Zotu1295	0	0	0	0	0	0	0	0	0	0	0	0	0	0	0	0	0	0
Zotu1473	0	0	0	0	0	0	0	0	0	0	0	0	0	0	0	0	0	0
Zotu1502	0	0	0	0	0	0	0	0	0	0	0	0	0	0	0	0	0	0
Zotu1754	0	0	0	0	0	0	0	0	0	0	0	0	0	0	0	0	0	0
Zotu1800	0	0	0	0	0	0	0	0	0	0	0	0	0	0	0	0	0	0
Zotu1870	0	0	0	0	0	0	0	0	0	0	0	0	0	0	0	0	0	0
Zotu1899	0	0	0	0	0	0	0	0	0	0	0	0	0	0	0	0	0	0
Zotu1910	0	0	0	0	0	0	0	0	0	0	0	0	0	0	0	0	22	0
Zotu2315	0	0	0	0	0	0	0	0	0	0	0	0	0	0	0	0	0	0
Zotu382	0	0	0	0	0	0	0	0	0	0	0	0	0	0	0	0	81	0
Zotu481	0	0	0	0	0	0	0	0	0	0	0	0	0	0	0	178	0	0
Zotu705	0	0	0	0	0	0	0	0	0	0	0	0	0	0	0	0	142	0
Zotu808	0	0	0	0	0	0	0	0	0	0	0	0	0	0	0	0	0	0
Zotu134	0	0	0	0	0	0	0	58	0	0	0	0	0	278	0	0	264	38
Zotu1762	0	0	0	0	0	0	0	0	0	0	0	0	0	0	0	0	21	0
Zotu248	0	0	0	0	0	0	0	0	0	0	0	0	0	0	0	44	244	0
Zotu1356	0	0	0	0	0	0	0	0	0	0	0	0	0	0	0	0	38	0
Zotu1556	0	0	0	0	0	0	0	0	0	0	0	20	0	0	0	0	0	0
Zotu1763	0	20	0	0	0	0	0	40	0	0	0	0	0	0	0	0	0	0
Zotu424	0	2	0	0	0	0	0	0	0	0	0	96	0	0	0	0	72	0
Zotu920	0	0	0	0	0	0	0	0	0	0	0	0	0	0	0	0	0	0
Zotu933	0	0	0	0	0	0	0	0	0	0	0	0	0	0	0	0	98	0
Zotu306	0	0	0	0	0	0	0	0	0	116	0	0	0	0	0	0	0	0
Zotu2360	0	0	10	0	0	0	0	0	0	0	0	0	0	0	0	0	0	0
Zotu358	0	0	0	0	0	0	0	0	1	0	0	0	0	0	0	0	0	0
Zotu621	0	0	0	33	0	0	0	0	0	0	0	0	0	0	0	0	0	0
Zotu684	0	0	0	0	26	0	0	0	0	0	0	0	0	0	0	104	0	0
Zotu836	0	0	28	61	0	0	0	0	0	0	0	0	0	0	0	0	0	0
Zotu555	0	0	0	0	0	0	0	0	0	0	0	0	0	0	0	132	8	0
Zotu1515	0	0	0	0	0	0	0	0	0	0	0	0	0	0	0	0	0	0
Zotu1757	0	0	0	0	0	0	0	0	0	0	0	0	0	0	0	0	0	0
Zotu1804	0	0	0	0	0	0	0	31	0	0	0	0	0	0	0	0	0	0
Zotu443	0	0	0	0	0	0	0	0	0	0	0	0	0	0	0	0	0	0
Zotu1140	0	0	0	0	0	0	0	0	0	0	0	72	0	0	38	0	0	0
Zotu496	0	0	0	0	0	0	0	0	0	0	29	0	0	0	1	0	0	0
Zotu221	0	0	0	45	0	0	0	0	0	0	0	0	0	0	1	0	0	0
Zotu848	0	0	0	0	0	0	0	0	0	0	0	0	0	0	0	0	0	0
Zotu1053	0	0	0	0	0	0	0	0	0	0	0	0	0	0	0	0	0	0
Zotu1325	0	0	0	0	0	0	0	0	0	0	0	0	0	0	0	0	55	0
Zotu1335	0	0	0	0	0	0	0	0	0	0	0	0	0	0	0	0	47	0
Zotu2112	0	0	0	0	0	0	0	0	0	0	0	0	0	0	0	0	0	0
Zotu1621	0	0	0	0	0	0	0	0	0	0	0	0	0	0	0	0	0	0
Zotu2266	0	0	0	0	0	0	0	0	0	0	0	0	0	0	0	0	12	0
Zotu1323	1	0	0	0	0	0	0	0	0	0	0	0	0	0	0	43	0	0
Zotu473	0	134	0	0	1	1	0	0	1	0	0	1	27	0	0	1	1	0
Zotu2066	0	15	0	0	0	0	0	0	1	0	0	0	0	0	0	0	2	0
Zotu64	858	82	473	875	273	4	13	1	1	0	3	26	78	1	0	1103	0	32
Zotu781	0	107	0	1	0	0	0	0	0	0	0	1	0	0	0	0	0	0
Zotu1426	1	4	0	28	0	0	0	0	3	0	2	0	0	0	0	0	2	0
Zotu1106	0	8	0	46	1	0	0	0	0	0	0	0	0	0	0	0	0	0
Zotu138	122	7	176	279	84	0	0	0	1	0	0	0	2	0	0	1	0	0
Zotu1483	38	0	0	0	0	0	0	0	0	0	0	0	0	0	0	0	0	0
Zotu1511	0	51	0	0	0	0	0	0	0	0	0	0	0	0	0	0	0	0
Zotu1900	0	20	0	0	6	0	0	0	0	0	0	0	0	0	0	0	0	0
Zotu2078	0	28	0	0	0	0	0	0	0	0	0	0	0	0	0	0	0	0
Zotu238	134	3	0	0	21	0	0	78	0	0	0	0	0	0	0	274	0	0
Zotu572	28	12	0	0	24	0	1	0	0	0	1	0	1	0	0	0	0	0
Zotu927	1	0	74	0	0	1	0	0	0	0	0	0	0	0	0	0	0	0
Zotu1508	0	0	0	0	0	3	0	0	0	0	0	0	0	0	0	0	0	0
Zotu430	32	0	0	0	0	0	0	0	0	0	0	0	0	0	0	240	0	0
Zotu535	0	22	0	0	147	0	0	0	0	0	0	0	0	0	0	0	0	0
Zotu880	0	0	0	0	0	0	0	1	0	0	0	0	0	0	0	0	0	0
Zotu104	787	0	106	591	284	2	0	0	0	0	0	5	38	0	0	0	0	0
Zotu106	344	0	213	833	62	12	0	0	0	0	0	65	83	0	0	0	0	0
Zotu1171	28	0	0	54	0	0	0	0	0	0	0	0	0	0	0	0	0	0
Zotu1172	74	0	3	100	29	0	0	0	0	0	0	0	0	0	0	153	0	0
Zotu1179	8	0	0	54	98	0	0	0	0	0	0	0	0	0	0	0	0	0
Zotu1190	0	0	0	0	0	0	0	0	0	0	0	0	0	0	0	0	0	0
Zotu1195	63	0	0	0	0	0	0	0	0	0	0	0	0	0	0	0	0	0
Zotu1204	50	0	0	1	0	0	0	0	0	0	0	0	0	0	0	0	0	0
Zotu1218	0	0	0	63	0	0	0	0	0	0	0	0	0	0	0	0	0	0
Zotu1276	0	0	0	52	0	0	0	0	0	0	0	0	0	0	0	0	0	0
Zotu13	8825	0	821	7852	2981	25	89	0	0	1	34	472	1038	0	0	92	0	448
Zotu1301	0	0	0	0	0	0	0	0	0	0	0	0	0	0	0	0	0	0
Zotu1401	37	0	0	0	0	0	0	0	0	0	0	0	0	0	0	0	0	0
Zotu15	8482	0	1720	6692	3521	49	27	0	0	184	1	166	581	0	84	0	0	290
Zotu1667	38	0	0	6	1	0	0	0	0	0	0	0	0	0	0	0	0	0
Zotu1671	0	0	0	1	1	0	0	0	0	0	0	0	0	0	0	3	0	0
Zotu1708	0	32	0	0	0	0	0	0	0	0	0	0	0	0	0	0	0	0
Zotu1726	26	0	45	68	0	0	0	0	0	0	0	0	0	0	0	0	0	0
Zotu1734	0	0	0	1	0	0	0	0	0	0	0	0	0	0	0	0	0	0
Zotu1789	0	0	0	31	0	0	0	0	0	0	0	0	0	0	0	0	0	0
Zotu1794	0	0	0	0	0	0	0	0	0	0	0	0	0	0	0	0	0	0
Zotu1858	92	0	23	169	213	1	0	0	0	0	0	0	1	0	0	0	0	0
Zotu1951	37	0	55	10	4	0	0	0	0	0	0	0	0	0	0	0	0	0
Zotu2107	0	0	0	3	20	0	0	0	0	0	0	0	0	0	0	0	0	0
Zotu312	138	0	53	38	0	0	0	0	0	0	0	0	29	0	0	0	0	0
Zotu318	0	0	0	0	0	0	0	0	0	0	0	0	0	0	0	210	0	0
Zotu336	87	0	0	139	90	0	17	0	0	0	0	0	46	0	0	0	0	0
Zotu347	85	0	0	0	0	0	0	0	0	0	0	0	0	0	0	213	0	0
Zotu380	0	0	0	0	0	0	0	0	0	0	0	0	0	0	0	246	0	0
Zotu395	0	0	0	0	0	0	0	0	0	0	0	0	0	0	0	120	0	0
Zotu399	0	70	0	0	0	0	0	0	0	0	0	0	0	0	0	215	0	0
Zotu449	93	0	12	3	92	0	0	0	0	0	0	0	1	0	0	0	0	0
Zotu46	540	0	972	1911	211	6	47	1	2	2	2	203	69	0	112	729	1	1
Zotu530	0	0	0	0	0	0	1	0	0	0	0	0	0	0	0	0	0	0
Zotu533	1	0	0	0	0	0	0	0	0	0	0	0	0	0	0	0	0	0
Zotu575	0	0	2	25	2	0	0	0	0	0	0	0	0	0	0	0	0	0
Zotu609	0	0	0	2	165	0	0	0	0	0	0	0	0	0	0	0	0	0
Zotu615	12	0	0	32	0	0	0	0	0	0	0	0	0	0	0	0	0	0
Zotu888	303	0	0	162	8	0	0	0	0	0	0	0	0	0	0	0	0	0
Zotu89	863	0	10	907	236	2	0	0	0	0	0	73	33	0	0	0	0	138
Zotu899	1	0	0	0	0	0	0	0	0	0	0	0	0	0	0	0	0	0
Zotu921	70	0	0	1	1	0	0	0	0	0	0	0	0	0	0	0	0	0
Zotu950	5	0	0	4	0	0	0	0	0	0	0	0	0	0	0	0	0	0
Zotu964	5	0	0	0	0	0	0	0	0	0	0	0	0	0	0	0	0	0
Zotu1021	0	0	47	0	0	0	0	0	0	0	0	0	0	0	0	0	0	0
Zotu1791	1	0	0	26	0	0	0	0	0	0	0	0	0	0	0	0	0	0
Zotu544	0	17	0	70	0	0	0	0	0	0	0	0	0	0	0	0	0	0
Zotu665	0	0	0	0	9	0	0	55	0	0	0	0	0	0	0	59	0	0
Zotu809	0	9	0	75	0	0	0	0	0	0	0	0	0	0	0	0	1	0
Zotu285	0	0	0	0	0	0	0	0	0	0	0	0	0	0	0	0	350	0
Zotu275	0	0	0	0	0	0	0	0	0	0	0	0	0	0	0	0	0	0
Zotu1068	0	24	0	0	0	0	29	0	4	0	0	0	0	0	0	0	0	0
Zotu1233	0	0	0	0	0	0	0	0	0	0	0	0	0	0	0	0	0	0
Zotu2236	0	0	0	0	0	2	0	0	0	0	0	0	0	0	0	0	0	0
Zotu319	0	0	0	0	0	3	0	36	0	0	0	0	0	0	0	0	0	0
Zotu381	0	15	0	0	0	1	0	0	11	125	0	0	0	0	0	0	0	0
Zotu56	0	606	0	17	0	185	834	2300	245	0	64	250	0	0	0	0	340	0
Zotu307	0	0	0	0	0	0	0	0	0	0	0	0	0	0	0	0	82	0
Zotu1009	0	0	0	0	0	0	0	58	0	0	0	0	0	0	0	0	0	0
Zotu1093	0	30	0	0	0	0	0	24	0	0	0	0	0	0	0	0	0	0
Zotu197	0	187	0	0	0	11	0	262	35	0	0	0	0	0	0	0	0	0
Zotu284	0	35	0	0	0	6	0	88	5	0	0	25	0	0	0	0	93	0
Zotu299	0	0	0	0	0	3	0	57	17	0	0	103	0	0	0	0	0	0
Zotu671	0	0	0	0	0	0	0	40	0	0	0	0	0	0	0	0	0	0
Zotu86	0	0	0	46	0	275	36	189	1785	0	103	143	0	0	0	0	0	0
Zotu206	0	81	0	0	0	0	49	41	6	0	0	0	0	0	0	0	66	0
Zotu218	0	0	0	0	0	0	0	0	0	0	0	0	0	0	0	0	0	0
Zotu45	0	0	0	579	0	0	0	0	0	0	0	0	0	0	0	0	0	0
Zotu532	0	0	0	0	0	0	32	0	39	0	0	104	0	0	0	0	0	0
Zotu974	0	0	0	0	0	0	0	80	0	0	0	0	0	0	0	0	0	0
Zotu687	0	0	0	0	0	2	0	0	0	0	0	0	0	0	0	0	0	0
Zotu1018	0	0	0	0	0	0	0	35	0	0	0	0	0	0	0	0	21	0
Zotu1234	0	0	0	0	0	0	0	0	0	0	0	0	0	0	0	0	0	0
Zotu129	0	0	0	0	0	0	0	0	0	0	0	0	0	0	0	0	946	0
Zotu1464	0	0	0	0	0	0	0	0	0	0	0	0	0	0	0	0	12	0
Zotu162	0	0	0	0	0	0	0	0	0	0	0	0	0	0	0	0	694	0
Zotu220	0	0	0	0	0	0	0	0	0	0	0	0	0	0	0	0	242	0
Zotu226	0	15	0	0	0	0	0	0	0	0	0	0	0	0	0	0	437	20
Zotu453	0	0	0	0	0	0	0	0	0	0	0	0	0	0	0	0	167	6
Zotu541	0	9	0	0	0	0	0	0	0	0	0	0	0	0	0	0	29	0
Zotu656	0	0	0	0	0	0	0	0	0	0	0	0	0	0	0	0	112	0
Zotu83	0	25	0	0	0	0	0	0	0	0	0	18	0	1	0	67	2285	338
Zotu139	0	0	0	0	0	0	0	0	0	0	0	0	0	0	0	0	0	0
Zotu2339	0	0	0	0	0	0	0	0	0	0	0	0	0	0	0	0	0	4
Zotu260	0	54	0	0	0	3	33	71	25	0	0	0	0	0	0	0	0	0
Zotu372	0	0	0	0	0	0	0	0	0	0	0	0	0	0	0	0	0	0
Zotu885	0	0	0	0	0	3	0	0	3	0	0	0	0	0	0	0	0	0
Zotu961	0	0	0	0	0	10	0	0	0	0	0	0	35	0	0	0	0	0
Zotu1414	0	13	0	0	0	0	0	0	0	0	0	0	0	0	0	0	0	0
Zotu1461	0	0	0	0	0	0	0	0	0	0	0	0	0	0	0	0	0	0
Zotu174	0	45	0	0	0	51	16	90	3	0	72	15	0	0	0	0	0	0
Zotu185	0	228	0	0	0	11	0	154	11	0	0	13	0	0	0	0	0	0
Zotu198	0	186	0	0	0	13	25	214	20	0	0	0	0	0	0	0	0	0
Zotu387	0	0	0	0	0	0	0	11	0	0	0	170	0	0	0	0	0	0
Zotu411	0	0	0	0	0	0	32	50	3	0	0	0	0	0	0	0	0	0
Zotu82	0	425	0	0	0	67	168	626	257	104	41	283	26	0	0	0	35	0
Zotu379	0	39	0	0	0	0	24	0	0	0	0	0	0	0	0	0	0	0
Zotu1580	0	27	0	0	0	0	0	0	0	0	0	0	0	0	0	0	0	0
Zotu1283	0	0	0	0	0	0	0	40	0	0	0	0	0	0	0	0	0	0
Zotu1381	0	0	0	0	0	0	0	0	0	0	0	0	0	0	0	0	0	0
Zotu1574	0	0	0	0	0	0	0	0	0	0	0	0	0	0	0	0	0	0
Zotu1717	0	0	0	0	0	13	0	0	0	0	0	0	0	0	0	0	0	0
Zotu244	0	0	0	0	0	0	0	0	0	0	0	0	0	0	0	0	319	0
Zotu322	0	76	0	0	0	0	8	79	0	0	0	0	0	0	0	0	0	0
Zotu595	0	0	0	0	0	0	0	0	0	102	0	0	0	0	0	0	0	0
Zotu735	0	0	0	0	0	0	0	0	0	0	0	0	0	0	0	0	48	0
Zotu862	0	0	0	0	0	4	10	2	0	0	0	0	0	0	0	0	0	0
Zotu995	0	26	0	0	0	0	0	0	0	0	0	0	0	0	0	0	0	0
Zotu2118	0	0	0	0	0	0	0	0	0	0	0	0	0	0	0	0	0	0
Zotu288	0	0	0	0	0	0	0	1	3	0	0	0	0	0	0	253	86	0
Zotu398	0	65	0	0	0	7	0	22	0	0	0	0	0	0	0	0	0	0
Zotu650	0	0	0	0	0	0	0	0	0	0	0	0	0	0	0	0	27	13
Zotu695	0	0	0	8	0	0	17	0	0	0	0	0	0	0	0	0	0	0
Zotu768	0	0	0	0	0	0	0	0	0	0	0	19	0	0	0	0	0	0
Zotu810	0	0	0	0	0	0	1	0	0	0	0	0	0	0	0	0	38	0
Zotu1433	0	0	0	0	0	0	0	0	0	0	0	0	0	0	0	0	47	0
Zotu697	0	8	0	0	0	0	0	54	0	0	0	0	0	0	0	0	6	1
Zotu463	0	0	0	0	0	3	17	207	0	0	0	0	0	0	0	0	1	0
Zotu1032	0	49	0	0	0	0	0	32	0	0	0	0	0	0	0	0	0	0
Zotu80	0	1246	0	0	0	2	0	479	15	177	0	0	23	0	0	0	0	0
Zotu1107	0	23	0	0	0	1	0	0	2	0	0	0	0	0	0	0	0	0
Zotu1112	0	0	0	0	0	0	0	0	0	0	0	0	0	0	0	0	0	0
Zotu2251	0	9	0	0	0	0	0	0	0	0	0	0	0	0	0	0	0	0
Zotu704	0	77	0	0	0	0	0	9	6	0	0	0	0	0	0	0	0	0
Zotu1347	0	44	0	0	0	0	7	7	0	0	0	0	0	0	0	0	0	0
Zotu2303	0	0	0	0	0	2	0	0	8	0	0	0	0	0	0	0	0	0
Zotu102	0	0	0	0	0	0	0	0	0	0	0	0	0	0	0	0	1	0
Zotu1822	0	6	0	0	0	0	0	0	0	8	0	0	0	0	0	0	0	0
Zotu1545	0	0	0	0	0	0	0	23	0	0	0	0	0	0	0	0	0	0
Zotu2032	0	0	0	0	0	0	0	0	0	0	0	0	0	0	0	0	0	0
Zotu2058	0	0	0	0	0	0	0	23	0	0	0	0	0	0	0	0	0	0
Zotu1340	0	20	0	0	0	0	3	0	4	0	0	0	0	0	0	0	0	0
Zotu1881	0	20	0	0	0	0	0	0	0	0	0	0	0	0	0	0	0	0
Zotu2380	0	11	0	0	0	0	0	5	0	0	0	0	0	0	0	0	0	0
Zotu1163	0	0	0	0	0	0	0	0	0	0	0	0	0	0	0	0	0	0
Zotu283	0	61	0	0	0	1	5	0	0	178	0	0	0	0	0	0	0	0
Zotu467	0	12	0	0	0	0	3	0	0	0	0	4	0	0	0	0	0	0
Zotu926	0	19	0	0	0	3	11	0	0	0	0	0	0	0	0	0	0	0
Zotu1496	0	0	0	0	0	0	0	0	0	0	0	0	0	0	0	0	0	0
Zotu1600	0	0	0	0	0	0	0	0	0	0	0	0	0	0	0	0	0	0
Zotu217	0	95	0	0	0	1	35	0	10	0	0	0	0	0	0	0	0	0
Zotu2191	0	0	0	0	0	0	0	0	0	0	0	0	0	0	0	0	0	0
Zotu314	0	67	0	0	0	2	26	0	0	0	0	0	0	0	0	0	0	0
Zotu652	0	62	0	0	0	0	0	68	0	0	0	0	0	0	0	0	0	0
Zotu854	0	30	0	0	0	0	0	25	0	0	0	0	0	0	0	0	0	0
Zotu1192	0	0	0	0	0	0	0	17	0	0	0	0	0	0	0	0	0	0
Zotu276	0	100	0	0	0	6	0	74	0	0	0	0	24	0	0	0	2	0
Zotu378	0	0	0	0	0	0	0	0	1	0	0	0	2	0	0	0	251	0
Zotu498	0	19	0	0	0	0	0	60	0	0	0	0	0	0	0	0	0	0
Zotu579	0	0	0	0	0	0	1	0	0	0	0	0	0	0	0	0	21	0
Zotu783	0	84	0	0	0	0	0	0	0	0	0	2	0	0	0	0	0	0
Zotu105	0	94	0	5	0	32	66	151	52	0	98	101	0	8	0	0	164	14
Zotu345	0	17	0	0	0	0	0	14	0	0	1	0	0	0	0	0	30	66
Zotu563	0	63	0	0	0	0	22	76	0	0	0	0	0	0	0	0	0	0
Zotu203	0	7	0	8	0	0	0	0	7	0	0	0	0	0	0	203	310	3
Zotu59	0	0	0	0	0	1374	0	176	3332	0	633	140	22	0	0	0	0	0
Zotu1047	0	74	0	0	0	0	0	0	0	0	0	0	0	0	0	0	0	0
Zotu195	0	223	0	0	0	11	49	72	0	0	0	0	0	0	0	0	0	0
Zotu57	0	1565	0	0	0	813	181	159	117	1920	112	12	282	0	0	273	0	0
Zotu164	0	279	0	0	0	6	39	280	11	140	0	0	44	0	0	0	0	0
Zotu252	0	0	0	0	0	0	0	1	0	0	0	0	0	0	0	100	137	79
Zotu305	0	1	0	0	0	0	0	0	3	0	6	0	0	0	0	0	307	1
Zotu509	0	0	0	0	0	0	0	0	0	0	0	0	0	0	0	0	12	73
Zotu109	0	327	0	0	0	20	105	690	48	0	0	76	0	0	0	0	2	0
Zotu112	0	119	0	39	0	11	18	143	28	60	2	0	0	0	0	0	451	3
Zotu127	0	0	0	0	0	0	0	14	11	0	0	0	0	0	0	328	338	61
Zotu132	0	488	0	0	0	0	21	280	2	0	0	0	0	0	0	2	75	0
Zotu143	0	14	0	0	0	2	0	71	16	0	21	0	0	0	0	0	557	91
Zotu170	0	25	0	0	0	20	13	3	6	120	28	16	0	0	0	0	149	53
Zotu2173	0	0	0	0	0	1	12	0	2	0	0	0	0	0	0	0	0	0
Zotu229	0	0	0	0	0	213	0	30	287	1	1	0	0	0	0	0	0	0
Zotu28	0	66	0	23	0	4655	978	2857	3420	1094	1666	395	90	0	0	0	0	0
Zotu291	0	0	0	0	0	0	0	0	0	0	0	0	0	0	0	166	45	35
Zotu329	0	0	0	0	0	0	0	1	0	1	0	0	0	0	0	0	118	131
Zotu335	0	56	0	3	0	6	96	51	9	0	0	4	11	0	0	0	4	0
Zotu425	0	21	0	0	0	1	5	186	15	0	0	0	0	0	0	0	0	0
Zotu52	0	21	0	0	0	2186	356	767	2313	60	1046	183	27	0	0	0	10	0
Zotu613	0	0	0	0	0	0	0	0	1	105	0	0	0	0	0	0	44	0
Zotu673	0	1	0	0	0	0	0	0	0	0	0	0	0	0	0	0	96	0
Zotu77	0	7	0	0	0	0	0	0	5	0	0	0	26	0	0	0	0	0
Zotu84	0	0	0	0	0	131	0	77	521	1595	608	0	108	0	0	0	0	0
Zotu912	0	15	0	0	0	0	0	0	0	0	0	0	0	0	0	0	28	0
Zotu916	0	0	0	0	0	0	0	0	0	0	0	0	0	0	0	0	75	0
Zotu980	0	0	0	0	0	0	0	0	0	0	0	0	0	0	0	0	0	0
Zotu923	0	0	0	0	0	0	0	0	0	0	0	0	0	0	0	0	0	0
Zotu1886	0	0	0	0	0	0	0	19	2	0	0	0	0	0	0	0	0	0
Zotu451	0	35	0	0	0	2	0	8	1	0	0	85	0	0	0	0	0	0
Zotu1002	0	49	0	0	0	0	0	0	0	0	0	0	0	0	0	0	0	0
Zotu1019	0	18	0	0	0	0	0	0	0	0	0	0	0	0	0	0	0	0
Zotu1084	0	0	0	0	0	0	0	0	0	0	0	0	0	0	0	0	0	0
Zotu1085	0	12	0	0	0	1	0	18	0	0	0	0	0	0	0	0	0	0
Zotu117	0	255	0	0	0	9	39	173	44	0	0	0	0	0	0	0	0	0
Zotu1685	0	0	0	0	0	0	0	22	0	0	0	0	0	0	0	0	0	0
Zotu1823	0	24	0	0	0	0	0	0	0	0	0	0	0	0	0	0	0	0
Zotu2068	0	7	0	0	0	0	0	0	0	0	0	0	0	0	0	0	0	0
Zotu213	0	67	0	0	0	2	71	110	0	0	0	0	0	0	0	0	15	0
Zotu2193	0	0	0	0	0	0	0	0	0	0	0	0	0	0	0	0	0	0
Zotu2347	0	0	0	0	0	0	0	0	0	0	0	0	0	0	0	0	0	0
Zotu353	0	73	0	92	0	0	6	0	0	0	0	0	0	0	0	0	0	0
Zotu439	0	24	0	0	0	0	37	51	0	0	0	0	0	0	0	0	0	0
Zotu468	0	53	0	0	0	0	0	69	3	0	0	0	0	0	0	0	0	0
Zotu623	0	0	0	0	0	0	0	2	2	0	0	0	0	0	0	80	41	0
Zotu748	0	0	0	0	0	0	0	40	0	0	0	0	0	0	0	0	0	0
Zotu786	0	40	0	6	0	0	1	0	0	0	2	0	0	0	0	0	45	0
Zotu1259	0	47	0	0	0	0	0	0	0	0	0	0	0	0	0	0	0	0
Zotu1386	0	0	0	0	0	0	0	28	0	0	0	0	0	0	0	0	23	0
Zotu101	0	0	0	0	0	0	0	0	0	0	0	0	0	0	0	0	0	0
Zotu1274	0	0	0	0	0	0	23	37	0	0	0	0	0	0	0	0	0	0
Zotu795	0	0	0	0	0	0	0	0	0	0	0	0	0	0	0	0	0	0
Zotu1688	0	0	0	0	0	0	0	0	0	0	0	0	0	0	0	0	1	0
Zotu983	0	0	0	0	0	0	0	0	0	0	0	0	0	0	0	0	64	0
Zotu1787	0	0	0	0	0	0	12	0	0	0	0	0	0	0	0	0	0	0
Zotu1351	0	13	0	0	0	0	0	0	0	0	0	40	0	0	0	0	0	0
Zotu1494	0	0	0	0	0	0	0	0	0	0	0	0	0	0	0	0	0	0
Zotu150	0	0	0	0	0	0	0	0	0	0	0	0	0	0	0	200	701	0
Zotu1579	0	20	0	0	0	0	0	0	0	0	0	0	0	0	0	0	0	0
Zotu508	0	0	0	84	0	0	0	0	0	0	0	0	0	0	0	0	0	0
Zotu1022	0	0	0	0	0	1	0	0	0	0	0	0	0	0	0	0	0	78
Zotu1358	0	30	0	0	0	0	0	18	0	0	0	0	0	0	0	0	0	0
Zotu1653	0	31	0	0	0	0	0	0	0	0	0	0	0	0	0	0	0	0
Zotu2019	0	4	0	0	0	0	0	0	0	0	0	0	0	0	0	0	0	0
Zotu2237	0	16	0	0	0	0	0	0	0	0	0	0	0	0	0	0	0	0
Zotu703	0	26	0	0	0	0	0	0	0	0	0	0	0	0	0	0	83	0
Zotu780	0	0	0	0	0	0	0	0	0	0	0	0	0	0	0	0	105	0
Zotu868	0	0	0	0	0	0	0	0	0	0	0	0	0	0	0	0	82	0
Zotu894	0	17	0	0	0	0	0	49	0	0	0	0	0	0	0	0	14	0
Zotu1067	0	0	0	0	0	0	0	0	0	0	0	0	0	0	0	0	8	0
Zotu1522	0	25	0	0	0	0	0	0	0	0	0	0	0	0	0	0	0	0
Zotu1108	0	0	0	0	0	2	0	0	0	0	0	0	0	0	0	0	0	0
Zotu122	0	176	0	0	0	0	30	106	0	0	0	0	0	0	0	0	0	0
Zotu103	0	34	0	0	0	0	0	1244	0	0	0	0	12	0	0	0	0	0
Zotu1825	0	1	0	0	0	0	0	23	0	0	0	0	0	0	0	0	0	0
Zotu2364	0	0	0	0	0	0	0	0	0	0	0	0	0	0	0	0	0	0
Zotu67	0	167	0	31	0	2239	364	1348	520	0	0	84	124	0	0	0	0	0
Zotu714	0	121	0	0	0	0	0	0	0	0	0	0	0	0	0	0	0	0
Zotu727	0	85	0	0	0	0	0	0	0	0	0	0	0	0	0	0	0	0
Zotu922	0	0	0	0	0	0	25	0	0	0	0	0	0	0	0	0	0	0
Zotu944	0	29	0	0	0	1	0	0	0	0	0	0	0	0	0	0	0	0
Zotu126	0	255	0	0	52	0	0	0	0	0	0	0	0	0	0	927	0	0
Zotu6	0	20	0	0	0	0	0	0	0	0	0	0	0	0	0	0	0	0
Zotu1980	0	0	0	0	0	0	0	0	0	0	0	0	0	0	0	0	0	0
Zotu50	0	0	0	0	0	0	0	0	0	0	0	0	0	215	0	0	0	0
Zotu1210	0	27	0	0	0	0	0	0	0	0	0	0	0	0	0	0	0	0
Zotu1865	0	0	0	0	0	0	0	0	0	0	0	0	0	0	0	0	0	0
Zotu2240	0	0	0	0	0	0	0	0	0	0	0	0	0	0	0	0	0	0
Zotu470	0	0	0	0	0	0	0	0	0	0	0	0	0	0	0	0	112	0
Zotu510	0	0	0	0	0	0	0	0	0	0	0	0	0	0	0	0	64	0
Zotu812	0	0	0	0	0	0	0	0	0	0	0	0	0	0	0	0	52	0
Zotu903	0	0	0	0	0	0	0	0	0	0	0	0	0	0	0	0	85	0
Zotu914	0	0	0	0	0	0	0	0	0	0	0	0	0	0	0	0	78	0
Zotu758	0	0	0	0	0	0	0	0	0	0	0	0	0	0	0	0	126	0
Zotu1168	0	0	0	0	0	0	0	0	0	0	0	0	0	0	0	0	0	0
Zotu182	0	0	0	0	0	0	20	0	3	141	0	0	0	0	0	0	177	0
Zotu251	0	0	0	0	0	0	0	0	0	0	0	0	0	0	0	0	0	0
Zotu280	0	0	0	0	0	0	0	0	5	2	0	0	0	0	0	0	96	0
Zotu614	0	0	0	0	0	0	0	0	7	0	0	0	0	0	0	0	0	0
Zotu2185	0	0	0	0	0	1	0	0	0	0	0	0	0	0	0	0	0	0
Zotu1478	0	0	0	0	0	0	0	0	0	0	0	0	0	0	0	0	0	0
Zotu2082	0	0	0	0	0	0	0	0	0	0	0	0	0	0	0	0	0	0
Zotu1490	0	0	0	0	0	0	0	0	0	0	0	0	0	0	0	0	18	0
Zotu1641	0	0	0	0	0	0	0	0	0	0	0	0	0	0	0	0	0	0
Zotu1697	0	0	0	0	0	0	0	0	3	0	0	0	0	0	0	0	0	0
Zotu1710	0	0	0	0	0	0	0	0	0	0	0	0	0	0	0	0	40	0
Zotu1023	0	0	0	0	0	0	0	0	0	0	0	0	0	0	0	0	0	0
Zotu1760	0	0	0	0	0	0	0	0	0	0	0	0	0	0	0	0	30	0
Zotu1902	0	0	0	0	0	0	0	0	0	0	0	0	0	14	0	0	1	0
Zotu1326	0	0	0	0	0	0	0	0	0	0	0	0	0	0	0	0	26	0
Zotu1332	0	0	0	0	0	0	0	0	0	0	0	0	0	0	0	0	0	0
Zotu349	0	0	0	0	0	0	0	0	0	0	0	0	0	0	0	0	0	0
Zotu408	0	49	0	0	0	0	0	0	0	0	0	0	0	0	0	0	43	0
Zotu2333	0	0	0	0	0	0	0	0	0	0	0	0	0	0	0	0	0	1
Zotu1680	0	0	0	0	0	0	0	0	0	0	0	0	0	0	0	0	0	0
Zotu2080	0	0	0	0	0	0	0	0	0	0	0	0	0	0	0	0	0	0
Zotu2138	0	0	0	0	0	0	0	0	0	0	0	0	0	0	0	0	0	0
Zotu757	0	0	0	0	0	0	0	0	0	0	0	0	0	0	0	0	0	85
Zotu790	0	0	0	0	0	0	0	0	0	0	0	0	0	0	0	0	70	0
Zotu997	0	0	0	0	0	0	0	0	0	0	0	0	0	0	0	0	0	0
Zotu1654	0	0	0	11	0	0	0	0	0	0	0	0	0	0	0	0	0	25
Zotu1343	0	40	0	0	0	0	0	0	0	0	0	0	0	0	0	0	0	0
Zotu1778	0	19	0	0	0	0	0	0	0	0	0	0	0	0	0	0	0	0
Zotu1657	0	0	0	0	0	0	0	0	0	0	0	0	0	0	0	0	0	0
Zotu827	0	0	0	0	0	0	0	0	0	0	0	0	0	0	0	0	79	0
Zotu1839	0	0	0	0	0	0	0	0	0	0	0	0	0	0	0	0	0	0
Zotu1066	0	0	0	0	0	0	0	0	0	0	0	0	0	0	0	0	0	0
Zotu1303	0	0	0	0	0	0	0	0	0	0	0	0	0	0	0	0	22	0
Zotu1424	0	0	0	0	0	0	0	0	0	0	0	0	0	0	0	0	45	0
Zotu1748	0	0	0	0	0	0	0	0	0	0	0	0	0	0	0	0	0	0
Zotu536	0	0	0	0	0	0	0	0	0	0	0	0	0	0	0	0	56	0
Zotu651	0	0	0	0	0	0	14	0	3	0	0	0	0	0	0	0	27	0
Zotu861	0	0	0	0	0	0	0	0	0	0	0	0	0	0	0	0	0	0
Zotu1180	0	0	0	0	0	0	0	0	0	0	0	0	0	0	0	0	0	0
Zotu325	0	0	0	0	0	0	0	0	0	0	0	39	0	0	0	0	43	138
Zotu712	0	0	0	0	0	0	30	0	0	0	0	0	0	0	0	0	99	0
Zotu998	0	0	0	0	0	0	0	0	0	0	0	0	0	0	0	0	78	0
Zotu1232	0	0	0	0	0	0	0	0	0	0	0	0	0	0	0	0	0	0
Zotu171	0	33	0	0	0	4	12	228	8	0	0	0	10	0	0	0	9	0
Zotu401	0	23	0	0	0	5	0	17	8	0	0	0	0	0	0	0	1	0
Zotu464	0	14	0	0	0	0	0	58	11	0	0	0	0	0	0	0	0	0
Zotu850	0	25	0	0	0	0	0	0	0	0	0	0	0	0	0	0	0	0
Zotu125	212	16	176	178	72	0	0	0	0	0	0	80	46	0	0	204	0	0
Zotu720	24	0	0	0	0	0	0	0	0	0	0	0	0	0	0	0	0	0
Zotu1310	0	0	0	0	0	0	0	0	0	0	0	0	0	0	0	0	0	0
Zotu561	0	0	0	0	0	0	0	0	0	0	0	1	0	0	0	0	0	0
Zotu211	0	0	0	0	0	0	15	192	13	0	0	0	0	0	0	0	0	0
Zotu416	0	0	107	22	0	0	0	0	0	0	0	0	0	0	0	99	0	0
Zotu70	121	0	0	0	0	0	0	0	0	0	0	0	0	0	0	0	0	0
Zotu14	1490	0	0	0	0	0	0	0	0	0	0	0	0	0	0	0	0	0
Zotu161	0	0	0	0	0	0	0	0	0	0	0	0	0	78	0	0	0	0
Zotu2292	0	0	0	0	0	0	0	0	0	0	0	0	0	0	0	0	1	0
Zotu31	0	0	0	0	0	0	0	0	0	0	0	0	0	120	0	0	0	0
Zotu53	0	0	0	0	0	0	0	0	0	0	0	0	0	0	0	0	0	0
Zotu73	0	0	0	0	0	0	4346	135	0	0	0	0	8	0	0	0	0	0
Zotu747	0	25	0	0	0	0	0	0	0	102	0	0	0	0	0	0	0	0
Zotu565	0	0	0	0	0	0	0	0	0	0	0	0	0	0	0	0	0	60
Zotu1036	6	0	0	18	17	0	0	0	0	0	0	0	1	0	0	0	0	0
Zotu55	2028	0	329	1583	287	10	3	0	0	0	19	133	291	0	0	0	0	7
Zotu794	1	0	0	24	0	0	0	0	0	0	0	0	0	0	0	0	0	0
Zotu1288	0	0	0	0	0	2	33	22	11	0	0	0	0	0	0	0	0	0
Zotu507	3	0	0	0	0	0	0	0	0	0	0	0	0	0	0	0	80	0
Zotu547	0	0	61	99	0	0	0	0	0	0	0	0	0	0	0	0	0	0
Zotu1353	0	0	0	0	0	0	0	0	0	0	0	0	0	0	0	0	0	0
Zotu877	0	0	0	0	0	0	6	0	0	0	0	0	0	0	0	0	0	0
Zotu455	30	18	0	0	97	0	0	0	0	0	0	0	0	0	0	67	0	0
Zotu1194	0	57	0	0	1	0	0	0	0	0	0	0	0	1	0	1	0	0
Zotu1942	0	0	0	0	21	0	0	0	1	0	0	0	0	0	0	0	0	0
Zotu2228	13	0	0	0	0	0	0	0	0	0	0	0	0	0	0	24	0	0
Zotu43	2954	16	707	1937	428	7	22	0	0	0	4	66	380	0	0	530	0	100
Zotu438	0	0	0	0	1	0	0	0	0	0	0	0	0	0	0	229	0	0
Zotu503	0	0	0	3	0	0	0	0	0	0	0	0	0	0	0	0	0	0
Zotu679	0	0	0	43	0	0	0	0	0	0	0	0	0	0	0	0	0	0
Zotu323	0	0	0	0	0	0	0	0	0	0	0	0	0	0	0	0	0	0
Zotu1213	0	0	0	0	0	0	18	0	0	0	0	0	0	0	0	0	0	0
Zotu1486	0	0	0	33	0	0	0	0	0	0	0	0	0	0	0	0	0	0
Zotu214	0	0	0	50	3	0	0	36	0	0	0	0	0	0	0	455	0	0
Zotu342	0	49	0	0	0	0	0	0	0	0	0	0	0	0	0	0	0	0
Zotu892	0	0	12	5	0	0	0	0	0	0	0	0	1	0	0	0	0	0
Zotu245	0	3	0	0	0	0	0	0	0	0	0	0	0	0	0	527	0	0
Zotu3	0	0	0	0	0	0	0	0	0	0	0	0	0	0	0	0	0	0
Zotu1841	0	8	0	0	0	0	0	0	10	0	0	0	0	0	0	0	0	0
Zotu66	0	0	0	0	0	0	0	0	0	0	0	0	0	0	0	0	0	7
Zotu866	0	38	0	0	0	0	0	0	0	0	0	0	0	0	0	0	0	0
Zotu159	0	0	63	230	3	0	1	83	0	0	31	0	0	0	0	0	0	0
Zotu552	0	0	0	0	0	0	0	0	0	0	0	0	0	0	0	0	0	0
Zotu560	0	0	9	0	0	0	0	0	0	0	0	0	0	0	0	0	0	0
Zotu584	75	0	0	0	0	0	0	0	0	0	0	0	0	0	0	0	0	0
Zotu680	0	0	0	0	0	0	0	0	0	0	0	0	0	0	0	0	0	0
Zotu762	59	0	0	0	0	0	0	0	0	0	0	38	0	0	0	0	0	0
Zotu2057	0	0	0	0	0	0	0	0	0	0	0	0	35	0	0	0	0	0
Zotu630	0	0	0	0	0	0	0	0	0	0	0	0	0	0	0	0	0	0
Zotu366	0	0	67	0	0	0	0	0	0	0	0	0	0	0	0	0	0	0
Zotu934	0	0	0	0	0	0	0	0	0	0	0	0	0	0	0	0	0	68
Zotu1048	0	2	0	0	0	0	0	0	0	0	0	0	0	0	0	0	0	0
Zotu1488	0	0	0	0	0	0	0	0	0	0	0	0	0	0	0	0	0	8
Zotu338	92	0	0	52	0	0	0	0	0	0	0	0	0	0	0	0	0	0
Zotu936	0	0	0	0	87	0	0	0	0	0	0	0	0	0	0	0	0	0
Zotu1535	6	0	0	0	22	0	0	0	0	0	0	0	0	0	0	0	0	0
Zotu1144	0	0	0	0	0	0	0	0	0	0	0	0	0	0	0	0	0	0
Zotu994	0	8	0	0	1	0	1	0	1	0	0	0	0	0	0	0	72	0
Zotu739	108	12	0	6	0	0	0	0	0	0	0	0	0	0	0	0	0	0
Zotu1362	0	0	48	2	0	0	0	0	0	0	0	0	0	0	0	0	0	0
Zotu2148	0	10	0	0	0	0	0	0	0	0	0	0	0	0	0	0	0	0
Zotu413	0	7	1	0	0	0	0	0	0	73	0	32	0	0	0	0	0	2
Zotu807	10	0	0	0	2	0	0	0	0	0	0	0	19	0	0	0	0	0
Zotu1615	0	4	0	22	0	0	0	0	0	0	0	0	0	0	0	0	0	0
Zotu1183	0	2	0	14	0	0	0	0	0	0	0	0	0	0	0	0	0	0
Zotu2135	0	1	16	1	0	0	0	0	0	0	0	0	0	0	0	0	0	0
Zotu388	55	0	0	57	0	0	0	0	0	0	0	0	0	0	0	0	0	0
Zotu592	0	0	0	3	0	0	0	0	0	0	0	0	0	0	0	0	0	0
Zotu1321	0	12	0	0	0	0	0	41	0	0	0	0	0	0	0	0	0	0
Zotu142	231	0	175	96	56	0	0	0	0	0	0	0	35	0	0	0	0	0
Zotu402	0	0	2	0	0	0	0	0	0	0	0	0	0	0	0	0	0	0
Zotu471	0	0	0	0	0	0	0	0	0	0	0	0	0	0	0	0	0	0
Zotu571	0	2	3	39	0	0	0	0	0	0	0	0	0	0	0	0	0	0
Zotu612	0	31	0	0	3	0	0	69	0	0	0	0	0	0	0	0	0	0
Zotu683	0	7	0	0	0	0	0	0	0	0	0	0	0	0	0	0	0	0
Zotu1113	68	0	0	40	0	0	0	0	0	0	0	0	0	0	0	0	0	0
Zotu1160	0	0	3	25	0	0	0	0	0	0	0	0	0	0	0	0	0	0
Zotu1188	4	0	0	0	0	0	0	0	0	0	0	0	0	0	0	0	0	0
Zotu1205	1	0	8	1	0	0	0	0	0	0	0	0	0	0	0	0	0	0
Zotu1267	21	0	0	37	2	0	0	0	0	0	0	0	0	0	0	0	0	0
Zotu1289	43	0	0	1	0	0	0	0	0	0	0	0	0	0	0	0	0	0
Zotu1378	0	0	0	0	43	0	0	0	0	0	0	0	0	0	0	0	0	0
Zotu1397	30	0	0	0	0	0	0	0	0	0	0	0	0	0	0	0	0	0
Zotu1430	22	0	0	56	0	0	0	0	0	0	0	0	0	0	0	0	0	0
Zotu1506	0	0	1	0	0	0	0	0	0	0	0	0	0	0	0	0	0	0
Zotu1544	1	0	0	44	0	0	0	0	0	0	0	0	0	0	0	0	0	0
Zotu1555	36	0	0	0	0	0	0	0	0	0	0	0	0	0	0	0	0	0
Zotu165	172	0	164	33	21	0	0	0	0	0	0	0	37	0	0	0	0	0
Zotu1662	28	0	0	0	1	0	0	0	0	0	0	0	0	0	0	0	0	0
Zotu1831	0	0	10	19	0	0	0	0	0	0	0	0	0	0	0	0	0	0
Zotu1857	0	16	0	9	0	0	0	0	0	0	0	0	0	0	0	0	0	0
Zotu1996	0	0	0	0	1	0	0	0	0	0	0	0	25	0	0	0	0	0
Zotu2031	0	0	0	5	0	0	0	0	0	0	0	0	0	0	0	0	0	0
Zotu2342	0	0	0	0	0	0	0	0	0	0	0	0	0	0	0	0	0	0
Zotu29	4030	0	991	3461	1548	15	63	0	0	0	0	410	480	0	0	0	0	318
Zotu30	3633	0	1046	3061	1462	16	45	0	0	194	0	0	522	0	41	0	0	97
Zotu341	36	0	0	24	14	0	0	0	0	0	0	0	37	0	0	0	0	0
Zotu355	0	0	0	0	0	0	0	1	0	0	0	0	1	0	0	1	0	0
Zotu429	0	71	0	0	2	0	0	0	0	0	0	0	0	0	0	149	0	0
Zotu433	0	0	25	0	0	0	0	0	0	0	0	0	0	0	0	0	0	96
Zotu461	0	0	16	0	0	0	0	0	0	0	0	0	0	0	0	0	0	0
Zotu490	0	0	1	19	2	0	0	0	0	0	0	42	0	0	0	0	0	26
Zotu514	2	0	0	0	158	0	0	0	0	0	0	0	0	0	0	0	0	0
Zotu525	0	0	0	0	0	0	0	0	0	0	0	0	0	0	0	0	0	0
Zotu568	0	0	0	27	63	0	0	0	0	0	23	0	0	0	0	0	0	0
Zotu569	0	0	0	0	0	0	0	0	0	0	0	0	0	0	0	0	0	0
Zotu594	0	0	0	35	0	0	0	0	0	0	0	0	0	0	0	0	0	37
Zotu631	0	0	1	0	0	0	0	0	0	0	0	0	0	0	0	0	0	0
Zotu643	56	0	25	11	1	0	0	0	0	0	0	0	0	0	0	0	0	13
Zotu664	119	0	0	0	2	0	0	0	0	0	0	0	0	0	0	0	0	0
Zotu682	0	0	0	56	0	0	0	0	0	0	0	58	0	0	0	0	0	0
Zotu750	0	0	57	53	0	2	0	2	0	0	0	0	0	0	0	0	0	0
Zotu754	107	0	0	0	0	0	5	0	0	0	0	0	0	0	0	0	0	0
Zotu766	38	0	0	0	0	0	0	0	0	0	0	0	0	0	0	0	0	0
Zotu898	0	0	0	0	0	0	0	0	0	0	0	3	0	0	0	0	0	0
Zotu1894	0	25	0	0	0	0	0	0	0	0	0	0	0	0	0	0	0	0
Zotu472	0	20	0	0	12	0	0	0	0	0	0	0	0	0	0	167	0	0
Zotu469	0	0	0	0	0	0	0	0	0	0	0	0	0	0	0	0	0	0
Zotu1911	0	20	0	0	0	0	0	0	0	0	0	0	0	0	0	0	0	0
Zotu1012	0	0	35	0	15	1	0	0	0	0	0	0	0	0	0	0	0	0
Zotu1565	0	0	37	7	0	0	0	0	0	0	0	0	0	0	0	0	0	0
Zotu1950	26	0	0	0	0	0	0	0	0	0	0	0	0	0	0	1	0	0
Zotu350	134	0	0	85	99	0	0	0	0	0	0	0	31	0	0	0	0	0
Zotu858	0	0	0	0	0	0	0	0	0	0	0	0	17	0	0	101	0	0
Zotu1017	3	0	0	0	0	0	0	0	0	0	0	0	0	0	0	0	0	0
Zotu1030	0	0	58	0	0	0	0	0	0	0	0	0	0	0	0	0	0	0
Zotu1054	0	0	0	0	1	0	0	0	0	0	0	0	0	0	0	0	0	0
Zotu1098	51	0	0	1	0	0	0	0	0	0	0	0	0	0	0	0	0	0
Zotu113	509	0	240	490	55	3	21	0	0	0	0	132	39	0	0	0	0	48
Zotu1226	0	0	0	43	0	0	0	0	0	0	0	0	0	0	0	0	0	0
Zotu1299	0	0	0	52	0	0	0	0	0	0	0	0	0	0	0	0	0	0
Zotu1357	0	16	0	0	25	0	0	0	0	0	0	0	0	0	0	0	0	0
Zotu1368	0	0	50	0	0	0	0	0	0	0	0	0	0	0	0	0	0	0
Zotu1390	0	0	33	0	0	0	0	0	0	0	0	0	0	0	0	0	1	0
Zotu1549	0	0	0	0	0	0	0	0	0	0	0	0	1	0	0	0	0	0
Zotu1588	0	0	1	34	0	0	0	0	0	0	0	0	0	0	0	0	0	0
Zotu17	1	0	0	0	0	0	0	0	0	0	0	0	0	126	0	0	0	0
Zotu1746	0	0	26	0	0	0	0	0	0	0	0	0	0	0	0	0	0	0
Zotu1767	0	0	26	0	0	0	0	0	0	0	0	0	0	0	0	0	0	0
Zotu1868	0	0	0	25	0	0	3	0	0	0	0	0	0	0	0	0	0	0
Zotu223	140	0	106	5	124	0	0	0	0	0	0	0	15	0	0	2	0	0
Zotu227	9	0	188	48	177	1	0	0	0	0	0	0	0	0	0	0	0	0
Zotu2312	3	0	0	64	3	0	0	0	0	0	0	0	0	0	0	0	0	0
Zotu2324	0	0	0	0	0	0	0	0	0	0	0	0	6	0	0	0	0	9
Zotu274	44	0	46	37	34	0	0	0	0	0	0	0	0	0	0	0	0	0
Zotu324	132	0	31	73	6	0	0	0	0	0	0	1	0	0	0	0	0	0
Zotu352	0	0	0	0	0	0	0	0	0	0	0	0	0	0	0	248	0	39
Zotu356	10	0	0	41	0	0	0	0	0	0	0	2	0	0	0	0	0	0
Zotu420	0	0	0	0	0	0	0	0	0	0	0	0	0	0	0	0	0	0
Zotu423	27	0	0	50	0	0	0	0	0	0	0	0	0	0	0	0	0	0
Zotu431	71	0	0	3	0	0	0	0	0	0	0	0	11	0	0	0	0	0
Zotu447	44	0	0	61	0	0	0	0	1	0	0	77	0	0	0	0	0	0
Zotu462	0	0	0	2	0	0	0	0	0	0	0	0	0	0	0	0	0	0
Zotu515	104	0	0	0	45	1	0	0	0	0	0	0	0	0	0	0	0	0
Zotu554	0	0	73	56	0	0	0	0	0	0	0	12	0	0	0	0	0	0
Zotu655	3	0	0	0	0	0	0	0	0	0	0	0	0	0	0	0	0	0
Zotu686	0	10	0	0	0	0	0	0	0	0	1	0	0	0	0	0	0	12
Zotu759	41	0	52	0	0	0	0	0	0	0	0	0	0	0	0	0	0	0
Zotu796	0	0	0	2	0	0	0	0	0	0	0	0	0	0	0	0	0	0
Zotu798	0	0	66	10	0	0	0	0	0	0	0	0	0	0	0	0	0	0
Zotu829	53	0	0	25	20	0	0	0	0	0	0	0	0	0	0	0	0	0
Zotu928	8	0	3	0	0	0	0	0	0	0	0	0	0	0	0	0	0	63
Zotu1843	0	0	0	0	1	0	0	0	0	0	21	0	0	0	0	0	0	0
Zotu1124	0	0	0	45	0	0	0	0	0	0	0	0	0	0	0	0	0	0
Zotu968	3	0	0	4	0	0	0	0	0	0	0	0	0	0	0	0	0	0
Zotu884	0	0	0	7	0	0	0	0	0	0	0	68	0	0	0	0	0	0
Zotu1015	0	0	0	0	0	0	0	0	0	0	0	13	0	0	0	0	0	0
Zotu146	406	0	0	184	25	2	0	0	0	0	0	38	25	0	0	0	0	0
Zotu1471	0	0	0	42	0	0	0	0	0	0	0	0	0	0	0	0	0	0
Zotu644	114	0	0	28	2	0	0	0	0	0	0	0	0	0	0	0	0	0
Zotu707	4	0	0	25	0	0	0	0	0	0	0	0	0	0	0	0	0	0
Zotu1291	34	0	0	0	0	0	0	0	0	0	0	0	0	0	0	0	0	0
Zotu1643	0	0	0	0	0	0	0	0	0	0	0	0	0	0	0	0	0	9
Zotu778	0	0	59	0	12	0	0	0	0	0	0	0	17	0	0	0	0	0
Zotu115	155	0	83	252	246	0	0	0	0	0	0	0	29	0	0	0	0	0
Zotu1346	0	0	0	42	0	0	0	0	0	0	0	0	0	0	0	0	0	0
Zotu2105	0	0	0	0	14	0	2	0	0	0	0	0	0	0	0	0	0	0
Zotu406	63	0	0	0	0	0	0	0	0	0	0	0	0	0	0	0	0	0
Zotu993	0	0	0	0	0	0	0	0	0	0	0	0	0	0	0	0	0	0
Zotu1534	0	0	0	47	0	0	0	0	0	0	1	0	0	0	0	0	0	0
Zotu1724	31	0	0	0	0	0	0	0	0	0	0	0	0	0	0	0	0	0
Zotu458	0	0	0	0	0	0	0	0	0	0	0	0	0	0	0	0	0	0
Zotu645	0	1	0	117	0	0	0	0	0	0	0	0	0	0	0	0	0	0
Zotu856	0	0	0	88	0	0	0	0	1	0	0	0	0	0	0	0	0	0
Zotu1187	0	0	0	46	0	0	0	0	0	0	0	0	0	0	0	0	0	0
Zotu1197	0	0	43	0	0	0	0	0	0	0	0	0	0	0	0	0	0	0
Zotu1354	1	0	0	40	4	0	0	0	0	0	0	0	0	0	0	0	0	0
Zotu181	114	0	0	119	133	2	0	0	0	0	0	32	0	0	0	0	0	15
Zotu190	435	0	15	221	18	0	0	0	0	0	0	70	39	0	0	0	0	0
Zotu277	303	0	0	37	8	0	0	0	0	0	0	0	0	0	0	0	0	0
Zotu339	0	0	1	0	9	0	0	0	0	0	0	0	0	0	0	155	0	62
Zotu376	0	0	0	0	11	0	0	0	0	0	0	0	0	0	0	0	0	0
Zotu417	13	0	0	0	0	0	0	0	0	0	0	0	0	0	0	0	0	0
Zotu419	0	0	0	0	0	0	0	0	0	0	0	0	0	0	0	0	0	0
Zotu476	0	0	63	68	0	0	0	0	0	0	0	0	0	0	0	0	0	0
Zotu486	0	0	0	0	0	0	0	0	0	0	0	0	0	0	0	0	0	0
Zotu784	62	0	0	0	0	0	0	0	0	0	0	0	0	0	0	0	0	0
Zotu93	1039	0	26	611	148	2	0	0	0	0	0	0	53	0	0	0	0	9
Zotu740	0	0	0	0	0	0	0	0	0	14	0	29	27	0	0	0	0	0
Zotu1696	0	18	31	0	0	0	0	0	0	0	1	0	0	0	0	0	0	0
Zotu1872	0	27	0	0	0	0	0	2	0	0	1	0	0	0	0	0	0	0
Zotu675	93	0	0	0	0	0	0	0	0	0	0	0	0	0	0	0	0	0
Zotu2386	2	0	0	11	0	0	0	0	0	0	0	0	0	0	0	0	0	0
Zotu243	8	0	0	116	21	1	0	0	0	0	0	0	54	0	0	0	0	0
Zotu519	0	0	0	33	56	0	0	0	0	0	0	0	0	0	0	0	0	0
Zotu1450	1	28	0	0	0	0	0	0	0	0	0	0	0	0	0	0	0	0
Zotu368	0	0	0	0	0	0	0	0	0	0	0	0	0	0	0	0	0	113
Zotu2257	0	0	0	0	0	0	0	0	0	0	0	0	0	0	0	0	0	0
Zotu1373	0	0	0	30	0	0	0	0	0	0	0	0	0	0	0	0	0	0
Zotu497	0	0	0	62	0	0	0	0	0	0	0	0	0	0	0	0	0	0
Zotu901	0	0	0	0	0	0	0	0	0	0	0	0	0	0	0	0	0	0
Zotu996	53	0	0	31	0	0	0	0	0	0	0	0	0	0	0	0	0	0
Zotu1971	0	0	0	24	0	0	0	0	0	0	0	0	0	0	0	0	0	0
Zotu346	63	0	77	100	0	0	0	0	0	0	0	0	1	0	0	0	0	0
Zotu698	52	0	0	0	80	0	0	0	0	0	0	0	0	0	0	0	0	0
Zotu1239	1	0	50	0	0	0	0	0	1	0	0	0	0	0	0	0	0	0
Zotu2061	0	0	0	0	0	0	0	0	0	0	0	0	0	0	0	0	0	0
Zotu1334	0	0	0	0	0	0	0	0	0	0	0	0	0	0	0	0	39	0
Zotu724	0	0	105	0	0	0	0	0	0	0	0	0	0	0	0	0	0	0
Zotu1132	0	0	0	0	0	0	0	0	0	0	0	0	0	0	0	0	52	0
Zotu1504	0	0	0	0	0	0	0	0	0	0	0	0	0	0	0	0	0	0
Zotu1033	0	32	0	0	0	0	0	0	0	0	0	0	0	0	0	0	0	0
Zotu1304	0	0	0	0	0	0	0	36	0	0	0	0	0	0	0	0	0	0
Zotu386	0	0	0	0	0	0	0	148	0	0	0	0	0	0	0	0	0	0
Zotu1150	0	20	0	0	0	0	0	0	0	0	0	0	0	0	0	0	0	0
Zotu432	0	0	0	0	0	0	0	0	0	0	0	0	14	0	0	0	64	0
Zotu1577	0	0	0	23	0	0	0	0	0	0	0	0	0	0	0	0	0	0
Zotu1528	0	0	0	0	0	0	0	40	0	0	0	0	0	0	0	0	0	0
Zotu1860	0	0	0	0	0	0	0	0	0	0	0	0	0	0	0	0	0	0
Zotu315	0	0	0	0	0	0	0	63	0	0	0	0	0	0	0	0	189	0
Zotu400	0	0	0	0	0	0	0	0	10	0	0	0	0	0	0	0	163	0
Zotu558	0	0	0	0	0	0	0	0	0	0	0	0	0	0	0	0	0	0
Zotu1052	0	0	0	0	0	0	0	0	0	0	0	0	0	0	0	0	0	0
Zotu1074	0	0	0	0	0	0	0	0	5	0	0	0	0	0	0	0	49	0
Zotu1122	0	0	0	0	0	0	0	0	0	0	0	0	0	0	0	0	103	0
Zotu1256	0	0	0	0	0	0	0	0	0	0	0	0	0	0	0	0	86	0
Zotu128	0	20	0	0	0	0	0	0	0	0	0	0	0	0	0	0	985	16
Zotu1286	0	0	0	0	0	0	0	0	0	0	0	0	0	0	0	0	0	0
Zotu1300	0	0	0	0	0	0	0	0	1	0	0	0	0	0	0	0	0	0
Zotu1392	0	0	0	0	0	0	0	0	0	0	0	0	0	0	0	0	0	0
Zotu1607	0	0	0	0	0	0	0	0	0	0	0	0	0	0	0	0	49	0
Zotu1637	0	0	0	0	0	0	0	0	0	0	0	0	0	0	0	0	48	0
Zotu1744	0	29	0	0	0	0	0	0	0	0	0	0	0	0	0	0	131	0
Zotu1780	0	20	0	0	0	0	0	0	0	0	0	0	0	0	0	0	0	0
Zotu183	0	0	0	0	0	0	0	0	0	0	0	0	0	0	0	0	675	102
Zotu1923	0	0	0	0	0	0	0	0	0	0	0	0	0	0	0	0	32	0
Zotu209	0	37	0	0	0	0	0	0	0	0	0	0	0	0	0	0	498	27
Zotu2186	0	0	0	0	0	0	0	0	0	0	0	0	0	0	0	0	0	0
Zotu266	0	0	0	0	0	0	0	0	0	0	0	0	0	0	0	0	573	0
Zotu370	0	0	0	0	0	0	0	0	0	0	0	0	0	0	0	0	202	0
Zotu404	0	0	0	0	0	0	0	0	0	0	0	0	0	0	0	0	188	0
Zotu516	0	0	0	0	0	0	0	0	0	0	0	0	0	0	0	0	205	1
Zotu603	0	0	0	0	0	0	0	0	0	0	0	0	0	0	0	140	27	0
Zotu620	0	0	0	0	0	0	0	0	0	0	0	0	0	0	0	0	47	35
Zotu722	0	0	0	0	0	0	0	0	0	0	0	0	0	0	0	0	90	9
Zotu728	0	0	0	0	0	0	0	0	0	0	0	0	0	0	0	0	123	0
Zotu818	0	0	0	0	0	0	0	0	0	0	0	0	0	0	0	0	64	0
Zotu834	0	0	0	0	0	0	0	0	0	0	0	0	0	0	0	0	81	39
Zotu879	0	0	0	0	0	2	0	0	0	0	0	0	0	0	0	0	88	0
Zotu925	0	26	0	0	0	0	0	0	0	0	0	0	0	0	0	0	3	0
Zotu1547	0	0	0	0	0	0	0	0	0	0	0	0	0	0	0	0	0	0
Zotu168	0	0	0	0	0	19	10	89	751	0	0	0	0	0	0	0	0	0
Zotu205	0	0	0	27	0	216	106	73	15	0	42	95	0	0	0	0	0	0
Zotu2259	0	0	0	0	0	0	0	0	0	0	0	0	0	0	0	0	0	0
Zotu689	0	0	0	0	0	0	0	0	0	0	0	0	0	0	0	0	0	0
Zotu1149	0	0	0	0	0	0	2	0	0	0	0	0	0	0	0	0	0	0
Zotu1154	0	5	0	0	0	0	0	0	0	0	0	0	0	0	0	0	0	0
Zotu1475	0	0	0	0	0	1	0	0	0	0	0	0	0	0	0	0	0	0
Zotu1603	0	0	0	0	0	0	0	2	0	0	0	0	0	0	0	0	0	0
Zotu1661	0	33	0	3	0	0	0	0	0	0	0	0	0	0	0	0	0	0
Zotu1673	0	0	0	31	0	0	0	0	0	0	0	0	0	0	0	0	0	0
Zotu1793	0	4	0	0	0	0	0	17	0	0	1	0	0	0	0	0	1	0
Zotu2195	0	0	0	0	0	0	0	0	0	0	0	0	0	0	0	0	14	0
Zotu2340	0	0	0	0	0	0	0	0	0	0	0	0	0	0	0	0	0	0
Zotu2348	0	0	0	0	0	1	0	0	0	0	0	0	0	0	0	0	0	9
Zotu501	0	0	0	0	0	0	0	20	0	0	0	0	0	0	0	0	6	0
Zotu573	0	27	0	0	0	5	16	5	0	0	0	0	0	0	0	0	9	0
Zotu654	0	56	0	0	0	0	0	0	0	0	0	0	0	0	0	31	0	0
Zotu851	0	0	0	94	0	0	0	0	0	0	0	0	0	0	0	0	0	0
Zotu931	0	0	0	0	0	0	0	0	0	0	0	0	0	0	0	0	91	0
Zotu1043	0	0	0	0	0	0	0	17	0	0	0	0	0	0	0	0	0	0
Zotu1050	0	0	0	0	0	0	0	63	0	0	0	0	0	0	0	0	0	0
Zotu1371	0	0	0	0	0	0	0	0	0	0	0	0	0	0	0	0	41	0
Zotu1524	0	1	0	0	0	0	8	21	4	0	0	0	0	0	0	0	0	0
Zotu1816	0	24	0	0	0	0	0	0	0	0	0	0	0	0	0	0	0	0
Zotu357	0	0	0	0	0	0	0	0	0	0	0	0	0	0	0	0	175	0
Zotu539	0	0	0	0	0	4	0	49	0	0	0	0	0	0	0	0	79	0
Zotu662	0	8	0	0	0	3	10	51	2	0	0	0	38	0	0	0	0	0
Zotu878	0	0	0	0	0	0	0	0	0	0	0	0	0	0	0	0	47	0
Zotu955	0	0	0	0	0	0	0	0	0	0	0	0	0	0	0	0	26	0
Zotu1025	0	0	0	0	0	0	0	0	0	0	0	0	0	0	0	0	37	0
Zotu1223	0	4	0	0	0	0	0	0	0	0	0	0	0	0	0	0	0	0
Zotu1666	0	0	0	0	0	0	4	0	0	0	0	0	0	0	0	0	14	0
Zotu1925	0	0	0	0	0	0	0	0	0	0	0	0	0	0	0	0	43	0
Zotu895	0	27	0	0	0	0	0	0	3	0	0	0	0	0	0	0	90	0
Zotu1139	0	0	0	0	0	0	0	0	0	0	0	0	0	0	0	0	0	0
Zotu1307	0	43	0	0	0	0	0	0	0	0	0	0	0	0	0	0	0	0
Zotu700	0	59	0	0	0	0	0	0	0	0	0	0	0	0	0	0	33	0
Zotu120	0	10	0	0	0	0	0	0	3	0	0	0	0	0	0	82	18	0
Zotu124	0	74	0	0	0	5	3	115	37	92	0	0	0	0	0	0	79	0
Zotu1981	0	0	0	0	0	0	0	0	0	0	0	0	0	0	0	0	0	0
Zotu2119	0	0	0	0	0	0	0	0	3	0	0	0	0	0	0	0	14	0
Zotu219	0	0	0	0	0	0	0	0	0	0	0	0	0	0	0	242	223	34
Zotu2249	0	0	0	0	0	0	0	0	0	0	0	0	0	0	0	0	0	0
Zotu629	0	0	0	0	0	0	3	0	2	0	0	0	0	0	0	0	8	0
Zotu987	0	0	0	0	0	0	0	0	0	0	0	0	0	0	0	0	67	0
Zotu2238	0	0	0	0	0	0	0	0	0	0	0	0	0	0	0	0	0	0
Zotu1336	0	0	0	0	0	0	0	0	0	0	0	0	0	0	0	0	0	0
Zotu2214	0	0	0	0	0	0	0	0	0	0	0	0	0	0	0	0	0	0
Zotu457	0	3	0	0	0	0	0	0	0	0	0	0	0	0	0	0	152	0
Zotu582	0	0	0	0	0	0	0	0	0	0	0	0	0	0	0	193	0	0
Zotu123	0	18	0	17	22	0	3	27	5	0	0	0	0	0	0	83	265	5
Zotu1418	0	0	0	0	0	0	0	0	0	0	0	0	0	0	0	0	0	0
Zotu295	0	0	0	0	0	0	0	0	0	0	0	0	0	0	0	138	124	67
Zotu107	0	0	0	0	0	0	0	0	2	0	0	0	0	0	0	74	365	37
Zotu1452	0	0	0	0	0	0	0	0	0	0	0	0	0	0	0	167	101	9
Zotu1499	0	0	0	0	0	0	2	0	1	0	0	0	0	0	0	35	19	1
Zotu1500	0	0	0	0	0	0	0	0	0	0	0	0	0	0	0	112	0	0
Zotu2302	0	0	0	0	0	0	0	0	0	0	0	0	0	0	0	0	0	0
Zotu1244	0	0	0	0	0	0	0	0	4	0	0	0	0	0	0	0	22	0
Zotu1262	0	0	0	0	0	0	0	0	0	0	0	0	0	0	0	0	34	0
Zotu1619	0	0	0	0	0	0	0	0	1	0	0	0	0	0	0	0	0	0
Zotu2097	0	0	0	0	0	0	0	0	0	0	0	0	0	0	0	0	0	0
Zotu272	0	0	0	0	0	0	0	0	0	0	0	0	0	0	0	0	413	0
Zotu1713	0	0	0	0	0	0	0	0	0	0	0	0	0	0	0	0	0	5
Zotu328	0	0	0	0	0	0	0	0	1	0	0	0	0	0	0	0	73	0
Zotu2210	0	0	0	0	0	0	4	0	0	0	0	0	0	0	0	0	0	0
Zotu200	0	0	0	24	0	0	0	0	0	0	0	0	0	0	0	188	49	48
Zotu506	0	63	0	0	0	0	15	0	0	0	0	0	0	0	0	0	0	0
Zotu397	0	74	0	0	0	0	0	179	0	0	0	0	0	0	0	0	0	0
Zotu296	0	0	0	0	0	0	0	0	0	0	0	0	0	0	0	0	0	0
Zotu1352	0	0	0	0	0	0	0	0	0	0	0	0	0	0	0	0	0	0
Zotu246	0	0	0	0	0	0	0	0	0	0	0	0	0	0	0	0	0	373
Zotu1435	0	26	0	0	0	0	0	0	0	0	0	0	0	0	0	0	0	0
Zotu1117	0	0	0	0	0	0	0	0	0	0	0	0	0	0	0	0	0	0
Zotu1429	0	0	0	0	0	0	0	0	0	0	0	0	0	0	0	0	0	0
Zotu332	0	21	0	0	0	5	15	0	9	0	0	0	0	0	0	0	0	0
Zotu494	0	35	0	0	0	0	0	0	0	0	0	0	0	0	0	0	0	0
Zotu527	0	53	0	0	0	0	0	0	0	0	0	0	0	0	0	0	0	0
Zotu649	0	106	0	0	0	0	0	0	0	0	0	0	0	0	0	0	0	0
Zotu1814	0	0	0	19	0	0	0	0	1	0	0	0	0	0	0	0	0	0
Zotu69	0	0	57	156	0	0	0	12	2	0	0	0	0	0	0	1121	1604	0
Zotu716	0	0	0	0	0	0	0	0	0	0	0	100	0	0	0	0	0	0
Zotu1349	0	0	0	0	0	0	0	0	0	0	0	0	0	0	0	0	25	0
Zotu984	0	0	0	0	0	0	0	0	0	0	0	0	0	0	0	0	0	0
Zotu1217	0	0	0	0	0	0	0	0	0	0	0	0	0	0	0	0	47	0
Zotu1184	0	0	0	0	0	0	0	0	0	0	0	0	0	0	0	0	0	0
Zotu1044	0	0	0	0	0	0	0	0	0	0	0	0	0	0	0	0	0	0
Zotu1324	0	0	0	0	0	0	0	0	0	0	0	0	0	0	0	0	0	0
Zotu1644	0	0	0	0	0	0	0	0	0	0	0	0	0	0	0	0	28	0
Zotu359	0	0	0	0	257	0	12	0	0	0	0	0	0	0	0	0	0	0
Zotu1687	0	0	0	0	0	0	0	0	0	0	0	0	0	0	0	0	0	0
Zotu2006	0	14	0	0	0	0	0	0	0	0	0	0	0	0	0	0	0	0
Zotu292	0	72	0	12	0	0	0	60	2	0	0	0	0	0	0	0	62	0
Zotu97	26	23	0	0	0	0	0	0	3	533	39	0	0	267	21	0	179	8
Zotu25	0	0	0	0	0	0	0	52	2	0	0	3	0	0	0	0	1	0
Zotu72	0	839	0	0	0	13	64	174	22	843	0	0	0	0	0	0	0	0
Zotu601	0	67	0	0	0	0	0	0	2	0	0	0	0	0	0	0	0	0
Zotu1285	0	0	0	0	0	0	0	0	0	0	0	0	0	0	0	0	0	0
Zotu801	0	6	0	0	0	0	0	0	0	0	0	0	0	0	0	0	0	87
Zotu2277	0	0	0	0	0	0	0	0	0	0	0	0	0	0	0	0	0	0
Zotu1247	0	40	0	0	0	0	0	25	4	0	0	0	0	0	0	0	0	0
Zotu2325	0	0	0	11	0	3	0	0	0	0	0	0	0	0	0	0	0	0
Zotu2390	0	0	0	0	0	0	0	0	0	0	0	0	10	0	0	0	0	0
Zotu79	0	638	0	0	0	5	4	103	5	0	1	0	0	0	0	78	248	0
Zotu869	0	0	0	0	0	2	0	0	0	0	0	0	0	0	0	0	0	0
Zotu1125	0	0	0	0	0	0	0	0	2	0	0	0	0	0	0	0	0	0
Zotu791	0	0	0	0	0	0	0	0	2	0	0	0	0	0	0	0	0	0
Zotu186	0	82	0	0	0	13	65	134	21	0	0	0	0	0	0	0	21	0
Zotu62	0	35	0	0	0	0	0	0	0	0	0	0	0	0	0	0	0	0
Zotu602	0	0	0	0	0	0	0	0	0	0	0	0	0	0	0	0	76	0
Zotu176	0	0	0	0	0	0	0	30	9	152	0	0	0	0	0	0	0	0
Zotu1059	0	6	0	0	0	0	0	30	6	0	0	0	0	14	0	0	0	0
Zotu1103	0	0	0	0	0	0	0	0	0	0	0	0	0	0	0	0	0	0
Zotu1182	0	47	0	0	0	0	0	0	0	0	0	0	0	0	0	0	0	0
Zotu1807	0	0	0	0	0	0	0	24	0	0	0	0	0	0	0	0	0	0
Zotu421	0	0	0	0	0	2	0	9	0	0	0	0	0	0	0	0	60	0
Zotu549	0	8	0	0	0	0	0	0	6	0	0	0	0	0	0	0	0	0
Zotu737	0	0	0	0	0	0	0	65	24	0	0	0	0	0	0	0	0	0
Zotu1189	0	20	0	0	0	0	0	0	0	0	0	0	0	0	0	0	0	0
Zotu363	0	0	0	0	0	0	0	0	0	0	0	0	0	0	0	0	141	0
Zotu426	0	0	0	0	0	0	0	0	0	0	0	0	0	0	0	0	0	80
Zotu1090	0	49	0	0	0	0	0	0	0	0	0	0	0	0	0	0	0	0
Zotu1207	0	0	0	0	0	0	0	0	0	0	0	0	0	0	0	0	52	0
Zotu1498	0	0	0	0	0	0	0	0	0	0	0	0	0	0	0	0	0	0
Zotu1626	0	0	0	0	0	0	0	0	0	0	0	0	0	0	0	0	0	0
Zotu167	0	604	0	0	0	0	0	0	0	0	0	0	0	0	0	0	0	0
Zotu169	0	0	0	0	0	0	0	21	1	0	0	0	0	0	0	0	676	101
Zotu1718	0	0	0	0	0	0	0	0	0	0	0	0	0	0	0	0	0	0
Zotu194	0	331	0	0	0	0	8	23	5	0	0	0	3	0	0	0	0	0
Zotu2162	0	0	0	0	0	0	0	0	0	0	0	0	0	0	0	0	14	0
Zotu233	0	45	0	0	0	17	85	87	28	0	18	200	0	0	0	1	0	0
Zotu300	0	3	0	0	0	0	0	0	19	0	0	0	0	0	0	162	152	0
Zotu412	0	0	0	0	0	0	25	0	13	0	0	0	0	0	0	0	169	0
Zotu459	0	8	0	0	0	0	0	0	0	0	0	0	0	0	0	0	99	0
Zotu512	0	0	0	0	0	0	0	20	3	0	0	0	0	0	0	0	0	0
Zotu534	0	0	0	0	0	0	0	0	8	0	0	0	0	0	0	0	53	0
Zotu596	0	0	0	0	0	0	0	0	0	0	0	0	0	0	0	0	56	0
Zotu653	0	0	0	0	0	0	0	0	0	0	0	0	0	0	0	0	0	0
Zotu685	0	0	0	0	0	0	0	0	0	0	0	0	0	0	0	0	91	2
Zotu694	0	0	0	0	0	0	0	0	0	0	0	0	0	0	0	0	0	0
Zotu751	0	0	0	0	0	0	0	73	12	0	0	0	0	0	0	0	0	0
Zotu842	0	18	0	0	0	0	0	3	0	0	0	0	0	0	0	0	0	0
Zotu867	0	0	0	0	0	0	0	0	0	0	0	0	0	0	0	108	0	0
Zotu1120	0	0	0	0	0	0	0	0	0	0	0	0	0	0	0	0	0	0
Zotu1945	0	0	0	0	0	0	14	0	3	0	0	0	0	0	0	0	0	0
Zotu465	0	77	0	0	0	0	0	0	18	0	0	0	0	0	0	0	0	0
Zotu999	0	30	0	0	0	0	0	0	0	0	0	0	0	0	0	0	0	0
Zotu709	0	68	0	0	0	2	0	0	0	0	0	0	0	0	0	0	0	0
Zotu540	0	0	0	0	0	0	7	0	0	0	0	0	0	0	0	0	0	0
Zotu992	0	0	0	0	0	6	10	30	0	0	0	0	0	0	0	0	0	0
Zotu1214	0	0	0	0	0	0	0	0	6	0	0	0	0	0	0	0	0	9
Zotu1642	0	0	0	0	0	1	0	0	0	0	0	28	0	0	0	0	0	0
Zotu282	0	0	0	0	0	4	91	99	24	0	0	0	0	0	0	0	0	0
Zotu437	0	0	0	0	0	8	136	0	18	0	13	0	0	0	0	0	0	0
Zotu845	0	0	0	0	0	7	73	0	0	0	0	0	0	0	0	0	0	0
Zotu1425	0	0	0	0	0	0	0	0	0	0	0	0	0	0	0	0	45	0
Zotu715	0	0	0	0	0	0	0	0	0	0	0	0	0	0	0	0	66	0
Zotu191	0	0	0	0	0	0	0	0	0	0	0	0	0	0	0	0	568	87
Zotu1935	0	2	0	0	0	0	0	0	0	0	0	0	0	0	0	0	0	0
Zotu891	0	12	0	0	0	0	0	2	0	0	0	0	0	0	0	0	4	0
Zotu2318	0	3	0	0	0	0	0	0	0	0	0	0	0	0	0	0	0	0
Zotu1608	0	0	0	0	0	0	0	0	7	0	0	0	0	0	0	0	0	0
Zotu1476	0	22	0	0	0	0	0	0	8	0	0	0	0	0	0	0	0	0
Zotu1828	0	0	0	0	0	0	15	0	0	0	0	0	0	0	0	0	0	0
Zotu657	32	0	0	0	0	0	0	0	0	0	0	0	0	0	0	0	0	22
Zotu797	0	0	0	0	0	0	0	0	0	0	0	71	0	0	0	0	0	0
Zotu2033	0	18	0	0	0	0	0	0	0	0	0	0	0	0	0	0	0	0
Zotu149	0	49	0	0	0	0	0	0	0	0	0	0	0	0	0	0	0	0
Zotu522	0	54	0	0	0	0	8	17	0	0	0	0	0	0	0	0	0	0
Zotu373	0	17	0	0	0	0	0	0	0	0	0	0	0	0	0	0	0	0
Zotu633	0	0	0	0	0	0	0	0	0	0	0	0	0	0	0	0	42	0
Zotu212	0	0	0	0	0	0	0	0	0	0	0	0	0	0	0	0	0	0
Zotu1254	0	0	0	0	0	0	0	0	0	0	0	0	0	0	0	0	0	0
Zotu95	0	0	0	0	0	0	0	0	0	0	0	0	0	0	0	1966	0	19
Zotu235	0	0	0	0	0	0	3	0	0	14	0	0	0	0	328	0	0	13
Zotu553	0	0	0	0	0	0	0	0	0	0	9	0	0	0	92	0	0	0
Zotu1440	0	0	0	0	0	0	0	0	0	0	0	0	0	0	0	0	0	0
Zotu44	0	79	182	43	39	0	24	25	5	357	34	270	74	40	577	691	145	145
Zotu940	0	0	0	26	0	0	0	1	0	1	0	0	0	0	0	0	0	42
Zotu1756	0	0	0	0	0	0	0	27	0	0	0	0	0	0	0	0	0	0
Zotu587	0	14	0	0	0	0	0	25	0	0	0	0	0	0	0	0	0	0
Zotu1454	0	0	0	0	0	0	0	0	0	0	0	0	0	0	0	0	0	0
Zotu60	0	0	0	0	0	527	2170	856	2186	0	0	0	0	0	0	0	0	0
Zotu1802	0	0	0	20	0	0	0	0	0	0	0	0	0	0	0	0	0	0
Zotu1403	0	2	0	41	0	0	0	0	0	0	0	0	0	0	0	0	0	0
Zotu520	0	0	0	0	0	0	0	0	0	0	0	0	0	0	0	0	0	0
Zotu262	0	0	0	55	0	0	0	0	0	0	0	0	0	0	0	177	0	0
Zotu12	0	759	0	774	0	11367	617	3148	15772	0	333	255	0	0	0	0	0	0
Zotu1057	0	0	0	0	0	0	0	0	0	0	0	0	0	0	0	0	57	0
Zotu1518	0	0	0	0	0	0	0	0	0	0	0	0	0	0	0	0	0	0
Zotu1563	0	0	0	0	0	0	0	0	0	0	0	0	0	0	0	0	0	0
Zotu1682	0	0	0	0	0	0	0	0	0	0	0	0	0	0	0	0	0	0
Zotu2012	0	0	0	0	0	0	0	0	0	0	0	0	0	0	0	0	0	0
Zotu2106	0	0	0	0	0	0	0	0	1	0	0	0	0	0	0	0	0	0
Zotu396	0	0	0	0	0	0	0	0	0	0	0	0	0	0	0	0	271	0
Zotu407	0	0	0	0	0	0	0	0	0	0	0	0	0	0	0	279	0	0
Zotu785	0	0	0	0	0	0	0	0	0	0	0	0	0	0	0	0	71	0
Zotu1428	0	0	0	0	0	0	0	0	0	0	0	0	0	0	0	0	0	0
Zotu2336	0	0	0	0	0	0	0	0	0	0	0	0	0	0	0	0	0	0
Zotu2133	0	0	0	0	0	0	0	0	0	0	0	0	0	0	0	0	0	0
Zotu802	0	0	0	0	0	2	0	0	0	0	0	0	0	0	0	0	0	0
Zotu598	0	50	0	0	0	2	0	13	0	0	0	0	0	0	0	0	0	0
Zotu405	0	0	0	16	0	0	0	0	0	0	0	0	0	0	0	0	0	0
Zotu1599	0	0	0	0	0	0	0	0	7	0	0	0	0	0	0	0	0	0
Zotu605	0	0	0	0	0	0	0	0	0	0	0	0	0	0	0	0	0	0
Zotu1447	0	30	0	0	0	0	0	0	0	0	0	0	0	0	0	0	0	0
Zotu2087	0	0	0	0	0	0	0	0	0	0	0	0	0	0	0	0	0	0
Zotu259	0	0	0	0	0	2	0	41	5	175	0	0	0	0	0	0	0	0
Zotu1159	0	0	0	0	0	0	0	0	0	0	0	0	0	0	0	0	0	0
Zotu2182	0	0	0	0	0	5	7	0	0	0	0	0	0	0	0	0	0	0
Zotu427	0	5	0	0	0	0	0	0	0	0	0	0	0	0	0	0	0	0
Zotu410	0	0	0	0	0	0	0	0	0	0	0	0	0	0	0	0	0	0
Zotu136	0	84	0	0	0	0	0	14	0	0	0	0	0	0	0	0	60	0
Zotu160	0	31	0	0	0	4	22	105	0	0	0	0	0	0	0	0	0	0
Zotu1995	0	0	0	0	0	0	0	0	0	0	0	0	0	0	0	0	0	0
Zotu22	0	183	2	1530	18	4249	4267	3015	952	683	441	693	0	0	0	4	199	1
Zotu2291	0	6	0	0	0	0	0	2	0	0	0	0	0	0	0	0	2	0
Zotu309	0	0	0	0	0	0	0	0	0	0	0	0	0	0	0	0	221	0
Zotu343	0	82	0	0	0	0	0	0	0	0	0	0	0	0	0	0	0	0
Zotu369	0	0	0	0	0	5	110	0	0	0	0	0	0	0	0	0	81	0
Zotu40	0	81	0	59	0	699	141	87	20	0	57	1	0	0	0	181	4556	233
Zotu409	0	0	0	0	0	0	0	48	0	0	0	0	0	0	0	0	1	0
Zotu47	0	25	0	0	0	59	334	24	1	0	17	0	0	0	0	0	4546	447
Zotu8	0	365	469	2449	759	12854	12579	9599	1834	1176	939	1128	204	0	0	300	710	8
Zotu81	0	105	0	4	0	237	230	121	97	2	7	3	0	0	0	0	18	0
Zotu94	0	185	0	51	0	9	8	370	0	90	0	0	0	0	0	0	469	0
Zotu511	0	0	0	0	0	0	0	0	0	0	0	0	0	0	0	0	0	0
Zotu1844	0	23	0	0	0	0	0	0	0	0	0	0	0	0	0	0	0	0
Zotu454	0	0	0	0	0	1	0	0	0	0	0	0	0	0	0	0	37	0
Zotu491	0	0	0	0	0	0	0	0	0	0	0	0	0	0	0	0	0	0
Zotu969	0	0	0	0	0	0	0	0	0	0	0	0	0	0	0	0	0	0
Zotu495	0	0	0	29	0	0	13	0	1	0	0	0	0	0	15	0	0	0
Zotu268	0	0	0	0	0	0	0	0	0	0	5	0	0	0	0	0	0	29
Zotu478	0	11	0	0	0	0	0	0	0	0	0	0	0	0	0	0	0	0
Zotu1449	0	0	0	34	0	0	0	0	0	0	0	0	0	0	0	0	0	0
Zotu1853	0	0	0	0	0	0	0	0	0	0	0	0	0	0	0	0	0	0
Zotu1380	0	0	0	0	0	0	0	0	0	0	0	0	0	0	0	0	0	0
Zotu972	0	0	0	0	0	0	5	0	0	0	0	0	0	0	0	0	0	0
Zotu250	0	63	0	0	0	0	0	0	0	0	0	0	0	0	0	0	118	0
Zotu1628	0	0	0	0	0	0	0	0	4	0	0	0	0	0	0	0	0	0
Zotu1327	0	0	0	0	0	0	1	0	0	0	0	0	0	0	0	0	0	0
Zotu882	0	0	0	0	0	0	0	0	0	0	0	0	0	0	0	0	0	0
Zotu35	0	0	46	290	0	835	3104	3828	6046	178	209	186	69	0	0	0	0	0
Zotu48	0	17	0	0	0	473	1624	3075	3121	0	24	132	0	0	0	0	0	0
Zotu49	0	28	0	0	0	406	1540	1711	4173	0	74	103	0	0	0	0	0	0
Zotu39	0	405	0	0	0	2	30	296	6	121	0	37	84	0	0	0	102	377
Zotu257	0	0	0	0	0	0	0	0	4	0	0	0	0	0	0	151	88	0
Zotu1191	0	5	0	0	0	1	0	10	4	0	0	0	0	0	0	0	0	0
Zotu16	86	7748	0	0	0	143	315	2971	250	305	1	34	15	0	0	0	38	0
Zotu75	0	396	0	0	0	35	14	125	2	0	0	70	0	0	0	0	0	0
Zotu1089	0	0	0	0	0	0	0	0	0	0	0	0	0	0	0	0	0	0
Zotu1940	0	14	0	0	0	0	0	0	0	0	0	0	0	0	0	0	0	0
Zotu42	0	310	0	140	0	130	1958	1447	111	349	885	578	82	0	0	0	53	0
Zotu745	0	50	0	0	0	8	0	0	0	0	0	0	0	0	0	0	0	0
Zotu960	0	18	0	0	0	0	1	0	0	0	0	0	0	0	0	0	0	0
Zotu163	0	0	0	0	0	0	0	0	0	0	0	0	0	122	0	0	0	0
Zotu228	0	0	0	0	0	3	0	0	0	0	0	0	2	0	0	0	0	0
Zotu26	0	7	0	0	0	0	0	0	0	0	0	0	0	0	0	0	0	0
Zotu144	0	41	127	0	0	263	9	117	70	0	0	0	28	0	0	0	58	0
Zotu1799	0	7	0	0	0	59	46	8	2	0	0	0	0	0	0	0	6	0
Zotu1867	0	0	0	0	0	0	0	0	0	0	0	0	0	0	0	0	0	0
Zotu19	0	3349	21	42	158	954	3326	7267	4046	474	684	2377	185	0	0	0	68	0
Zotu20	0	100	0	72	0	26	253	587	479	0	9171	496	3668	0	0	1999	1949	465
Zotu68	0	415	23	6	0	48	145	1559	181	116	198	812	87	0	0	0	0	0
Zotu2262	0	0	0	0	0	31	24	8	0	0	0	0	0	0	0	0	1	1
Zotu1	0	355	0	22	0	182	444	573	156	894	114519	78395	63322	0	0	1	65	1
Zotu267	0	68	0	0	0	4	87	243	28	0	0	0	0	0	0	0	0	0
Zotu4	0	19912	0	0	0	1551	7410	11179	439	3142	6	9757	372	0	0	260	3742	1677
Zotu746	0	0	0	0	0	9	8	50	0	0	0	31	0	0	0	0	0	0
Zotu1526	0	0	0	0	0	3	17	0	15	0	0	0	0	0	0	0	0	0
Zotu521	0	0	0	114	0	0	0	0	0	0	0	0	0	0	0	0	0	0
Zotu632	0	0	0	70	0	0	0	0	0	0	0	0	0	0	0	0	0	0
Zotu708	0	14	0	24	0	16	54	0	50	0	0	0	0	0	0	0	0	0
Zotu918	0	0	0	0	0	0	0	0	0	0	0	0	0	0	0	0	0	0
Zotu1776	0	0	0	0	0	0	0	0	0	0	0	0	0	0	0	0	0	0
Zotu180	0	0	0	194	0	0	0	0	0	0	0	0	0	0	0	0	0	0
Zotu311	0	0	0	0	0	28	223	97	34	0	0	32	0	0	0	0	0	0
Zotu793	0	0	0	0	0	2	16	72	0	0	0	0	0	0	0	0	0	0
Zotu204	0	20	2	0	0	60	389	188	294	0	12	0	0	0	0	0	0	0
Zotu474	0	0	0	0	0	4	107	67	33	0	14	0	0	0	0	0	0	0
Zotu690	0	0	0	37	0	17	113	47	30	0	0	0	0	0	0	0	0	0
Zotu85	0	0	18	145	0	204	1377	1098	929	0	24	0	33	0	0	0	0	0
Zotu119	0	0	0	0	0	0	0	0	0	0	0	0	0	0	0	0	0	0
Zotu1406	0	0	0	0	0	0	0	0	0	0	0	0	0	0	0	0	0	0
Zotu145	0	0	0	342	0	0	0	0	0	0	0	0	0	0	0	0	0	0
Zotu1589	0	0	0	0	0	0	0	0	0	0	0	0	0	0	0	0	0	0
Zotu207	0	0	0	0	0	40	262	382	101	0	0	0	0	0	0	0	0	0
Zotu271	0	0	0	0	0	0	0	0	0	0	0	0	0	0	0	0	0	0
Zotu681	0	0	0	0	0	0	0	0	0	0	0	0	0	0	0	0	0	0
Zotu692	0	0	0	0	0	0	0	0	0	0	0	0	0	0	0	0	0	0
Zotu74	0	43	0	0	0	203	2006	1826	294	0	109	0	32	0	0	0	0	0
Zotu1404	0	0	0	0	0	0	0	0	0	0	0	0	0	0	0	0	27	0
Zotu1813	0	0	0	0	0	0	0	5	0	0	0	0	0	0	0	0	0	0
Zotu2343	0	0	0	0	0	0	0	0	0	0	0	0	0	0	0	0	12	0
Zotu281	0	214	0	5	0	0	0	4	0	0	0	0	0	0	0	1	187	0
Zotu677	0	0	0	0	0	0	0	0	0	0	0	0	0	0	0	0	111	0
Zotu932	0	0	0	0	0	0	0	0	1	0	0	0	0	0	0	0	67	0
Zotu1914	0	0	0	0	0	0	0	0	0	0	0	0	0	0	0	0	0	0
Zotu1929	0	0	0	0	0	0	0	0	0	0	0	0	0	0	0	0	0	0
Zotu1941	0	0	0	0	0	0	0	0	0	0	0	0	0	0	0	0	0	0
Zotu1359	0	0	0	0	0	0	0	0	0	0	0	0	0	0	0	0	33	0
Zotu1038	0	0	0	0	0	0	0	0	0	0	0	0	0	66	0	0	0	0
Zotu1243	0	0	0	0	0	0	0	48	0	0	0	0	0	0	0	0	0	0
Zotu1413	0	7	0	0	0	0	0	0	0	0	0	0	0	0	0	0	0	0
Zotu1709	0	0	0	0	0	0	0	0	0	0	0	0	0	0	0	0	0	0
Zotu1987	0	0	0	0	0	0	0	0	0	0	0	0	0	0	0	0	0	0
Zotu2260	0	0	0	0	0	0	0	0	0	0	0	0	0	0	0	0	0	0
Zotu333	0	0	0	0	0	0	0	0	0	0	0	0	0	0	0	0	0	0
Zotu1131	0	0	0	0	0	0	0	0	0	0	0	0	0	0	0	0	0	0
Zotu1527	0	0	0	0	0	0	0	0	0	0	0	0	0	0	0	0	0	0
Zotu2125	0	0	0	0	0	0	0	0	0	0	0	0	0	0	0	0	0	0
Zotu2265	0	0	0	0	0	0	0	0	0	0	0	0	0	0	0	0	0	0
Zotu2308	0	0	0	0	0	0	0	0	5	0	0	0	0	0	0	0	0	0
Zotu440	0	0	0	0	0	0	0	0	0	0	0	0	0	0	0	0	117	0
Zotu456	0	0	0	0	0	0	0	0	0	0	0	0	0	0	0	0	45	0
Zotu480	0	0	0	0	0	0	0	64	0	0	0	0	0	0	0	0	68	0
Zotu505	0	0	0	0	0	0	0	15	0	0	0	0	0	0	0	0	0	82
Zotu734	0	0	0	0	0	0	0	0	2	0	0	0	0	0	0	0	0	0
Zotu959	0	29	0	0	0	0	0	0	0	0	0	0	0	0	0	0	0	0
Zotu976	0	0	0	0	0	0	0	0	0	0	0	0	0	0	0	0	55	0
Zotu1655	0	0	0	0	0	0	0	0	0	0	0	0	0	0	0	0	0	0
Zotu1702	0	0	0	0	0	0	0	0	0	0	0	2	0	0	0	0	0	0
Zotu1749	0	0	0	0	0	0	17	0	0	0	0	0	0	0	0	0	0	0
Zotu1801	0	0	0	0	0	0	0	0	0	0	0	0	0	0	0	0	0	0
Zotu1809	0	0	0	0	0	0	0	0	0	0	0	0	0	0	0	0	1	0
Zotu1818	0	0	0	0	0	0	0	0	0	0	0	0	0	0	0	0	0	0
Zotu1913	0	0	0	0	0	0	0	24	0	0	0	0	0	0	0	0	0	0
Zotu1977	0	0	0	0	0	0	0	0	0	0	0	0	0	0	0	0	0	0
Zotu1808	0	0	0	0	0	0	0	0	0	0	0	0	0	0	0	0	0	0
Zotu23	0	0	83	0	0	1	0	26	0	0	0	0	0	0	0	0	0	0
Zotu2092	0	0	0	0	0	0	23	0	0	0	0	0	0	0	0	0	0	0
Zotu1366	0	0	0	0	0	0	0	0	0	0	0	0	0	0	0	0	0	0
Zotu1623	0	0	0	0	0	0	0	0	0	0	0	0	0	0	0	0	35	0
Zotu1903	0	0	0	0	0	0	0	0	3	0	0	0	0	0	0	0	0	0
Zotu254	0	0	0	0	0	0	0	0	0	0	0	0	0	0	0	262	0	132
Zotu484	0	0	0	0	0	0	0	0	0	0	0	0	0	0	0	0	40	46
Zotu841	0	0	0	0	0	0	0	0	0	0	0	0	0	0	0	0	0	0
Zotu524	0	0	0	0	0	0	0	0	0	0	0	0	0	0	0	0	135	0
Zotu811	0	0	0	0	0	103	0	0	2	0	0	0	0	0	0	0	0	0
Zotu723	0	0	0	0	0	0	0	0	0	0	0	0	0	0	0	91	0	0
Zotu1993	0	0	0	0	0	0	0	13	0	0	0	0	0	0	0	0	0	0
Zotu2255	0	0	0	0	0	0	0	0	0	0	0	0	0	0	0	0	0	0
Zotu9	0	0	0	0	0	0	0	0	12	0	0	0	0	433	0	0	0	0
Zotu18	0	0	0	1	0	0	0	0	0	0	0	0	0	8187	0	0	30	0
Zotu634	0	22	0	0	0	3	0	0	0	0	0	0	0	0	0	0	0	0
Zotu967	0	0	0	0	0	0	0	0	0	0	0	0	0	0	0	0	0	0
Zotu1102	0	0	0	0	0	0	0	0	0	0	0	0	0	0	0	0	0	0
Zotu1198	0	0	0	0	0	0	0	0	0	0	0	0	0	0	0	0	0	0
Zotu799	0	0	0	0	0	0	0	0	0	0	0	0	0	379	0	0	0	0
Zotu71	0	0	0	0	0	476	1355	570	1577	0	0	0	0	0	0	0	0	0
Zotu908	0	0	0	0	0	0	0	0	0	0	0	0	0	0	0	0	0	0
Zotu1722	0	0	0	0	0	0	0	31	0	0	0	0	0	0	0	0	0	0
Zotu230	0	33	0	0	0	11	5	175	1	0	0	0	0	0	0	0	0	0
Zotu247	0	0	0	0	0	0	17	0	0	0	0	0	0	0	0	73	195	16
Zotu27	0	184	155	256	0	1706	4209	707	5691	0	974	500	0	0	0	0	36	0
Zotu199	0	0	0	0	0	0	0	0	0	0	0	0	0	0	0	0	375	56
Zotu731	0	0	0	0	0	0	0	0	0	0	0	0	0	0	0	0	87	0
Zotu1482	0	0	0	0	0	0	0	0	0	0	0	0	0	0	0	0	0	0
Zotu1695	0	0	0	0	0	0	0	0	0	0	0	0	0	0	0	0	0	0
Zotu193	0	53	0	0	0	2	14	129	13	0	0	0	0	12	0	0	143	0
Zotu2155	0	0	0	0	0	0	0	0	0	0	0	0	0	0	0	0	0	0
Zotu216	0	5	0	0	0	0	2	4	7	0	0	0	0	228	0	0	50	0
Zotu279	0	0	0	0	0	0	0	0	9	0	0	0	0	0	0	3	100	0
Zotu289	0	0	0	0	0	0	0	0	3	0	0	0	0	0	0	0	244	0
Zotu483	0	0	0	0	0	0	0	0	0	0	0	0	0	0	0	0	119	0
Zotu713	0	41	0	0	0	0	0	0	0	0	0	0	0	0	0	0	4	0
Zotu738	0	0	0	0	0	0	0	0	0	0	0	0	0	0	0	0	0	0
Zotu792	0	0	0	0	0	0	0	0	0	0	0	0	0	0	0	0	0	0
Zotu92	0	2	0	0	0	0	0	0	0	0	0	0	0	267	0	0	857	13
Zotu269	0	0	0	0	0	0	0	28	3	0	0	0	0	0	0	0	149	0
Zotu1385	0	0	0	0	0	0	0	0	0	0	0	0	0	0	0	0	46	0
Zotu1664	0	0	0	0	0	0	0	0	0	0	0	0	0	0	0	0	0	0
Zotu1983	0	2	0	0	0	0	0	0	0	2	0	0	0	0	0	0	0	0
Zotu393	0	0	0	0	0	0	0	0	0	0	0	0	0	0	0	0	30	0
Zotu813	0	0	0	0	0	0	0	0	0	0	0	0	0	0	0	0	0	0
Zotu1147	0	0	0	0	0	0	0	0	0	0	0	0	0	0	0	0	0	0
Zotu140	0	0	0	0	0	0	0	0	7	0	0	0	0	0	0	3	830	0
Zotu1850	0	0	0	0	0	0	0	0	0	0	0	0	0	0	0	0	0	0
Zotu263	0	0	0	0	0	0	0	19	0	0	0	0	0	209	0	0	1	0
Zotu273	0	11	0	0	0	4	0	0	0	0	0	0	0	0	0	180	37	0
Zotu301	0	14	0	0	0	0	0	0	9	0	0	0	0	0	0	0	130	0
Zotu434	0	0	0	0	0	0	0	21	1	0	0	0	0	0	0	0	0	0
Zotu76	0	91	0	0	0	4	0	254	36	0	0	85	64	0	0	0	1019	14
Zotu805	0	9	0	0	0	0	0	0	0	0	0	0	0	0	0	0	0	0
Zotu261	0	0	0	0	0	0	0	0	0	0	0	0	0	0	0	382	0	0
Zotu360	0	0	0	0	0	0	0	0	0	0	0	0	0	0	0	0	200	0
Zotu1075	0	0	0	0	0	0	1	0	0	0	0	0	0	0	0	0	0	0
Zotu1110	0	0	0	0	0	0	0	0	0	0	0	0	0	0	0	0	0	0
Zotu1119	0	0	0	0	0	0	0	0	0	0	0	0	0	0	0	0	0	0
Zotu1134	0	0	0	0	0	0	0	0	0	0	0	0	0	0	0	0	63	0
Zotu1175	0	0	0	0	0	0	0	0	0	0	0	0	0	0	0	0	0	0
Zotu1278	0	0	0	0	0	0	0	0	0	0	0	0	0	0	0	0	0	0
Zotu1355	0	0	0	0	0	0	0	0	0	0	0	0	0	0	0	0	0	0
Zotu137	0	2	0	0	0	0	0	0	0	0	0	0	0	0	0	189	443	0
Zotu1852	0	0	0	0	0	0	0	0	0	0	0	0	0	0	0	0	0	0
Zotu290	0	27	0	0	0	0	0	11	0	165	0	0	0	0	0	0	95	0
Zotu308	0	0	0	0	0	0	0	0	3	0	0	0	0	0	0	1	15	0
Zotu442	0	0	0	0	0	0	0	0	0	0	0	0	0	0	0	0	132	0
Zotu528	0	0	0	0	0	0	0	0	0	0	0	0	0	0	0	0	0	0
Zotu608	0	0	0	0	0	0	0	0	0	0	0	0	0	0	0	0	0	0
Zotu717	0	0	0	0	0	0	0	0	0	0	0	0	0	0	0	0	124	0
Zotu817	0	0	0	0	0	0	0	60	0	0	0	0	0	0	0	0	0	0
Zotu873	0	0	0	0	0	0	0	0	0	0	0	0	0	0	0	0	66	0
Zotu611	0	37	0	0	0	0	0	24	0	0	0	0	0	0	0	0	0	0
Zotu450	0	0	0	53	0	0	0	0	0	0	0	0	0	2	0	0	96	0
Zotu978	0	25	0	0	0	0	0	0	0	0	0	0	0	0	0	0	44	0
Zotu1208	0	34	0	0	0	3	0	0	0	0	0	0	0	0	0	0	0	0
Zotu1086	0	0	0	46	0	0	0	0	5	0	0	0	0	0	0	0	0	0
Zotu178	0	0	0	129	0	0	0	0	0	0	0	0	0	0	0	0	0	0
Zotu121	0	0	41	74	124	0	0	0	0	0	29	0	0	0	0	0	1	147
Zotu196	0	0	0	0	0	0	38	0	0	0	25	0	0	3	0	0	131	0
Zotu1092	0	0	0	0	0	0	0	0	0	0	0	0	0	0	0	0	0	0
Zotu11	0	12646	0	0	0	24	39	1827	305	0	0	172	32	0	0	0	32	9
Zotu1882	0	26	0	0	0	0	8	0	0	0	0	0	0	0	0	0	0	0
Zotu1919	0	0	0	7	0	0	0	0	10	0	0	0	0	0	0	0	0	0
Zotu477	0	0	0	0	0	0	0	0	7	0	0	0	0	0	0	0	48	0
Zotu116	0	12	0	0	0	2	0	0	0	0	20	0	0	0	0	0	856	103
Zotu1173	0	0	0	0	0	1	6	0	0	0	0	0	0	0	0	0	0	0
Zotu1330	0	0	0	0	0	0	0	25	0	0	0	0	0	0	0	0	0	0
Zotu637	0	0	0	0	0	0	0	0	0	0	0	0	0	0	0	0	0	0
Zotu770	0	0	0	0	0	0	21	0	0	0	0	0	0	0	0	0	1	0
Zotu777	0	32	0	0	0	0	22	1	0	0	0	0	0	0	0	0	0	0
Zotu1510	0	19	0	0	0	0	0	0	0	0	0	0	0	0	0	0	0	0
Zotu550	0	0	0	0	0	0	0	0	0	0	0	0	0	0	0	0	118	0
Zotu688	0	31	0	0	0	0	0	0	0	0	0	0	0	0	0	0	0	0
Zotu460	0	0	0	0	0	0	0	0	0	0	0	0	0	0	0	0	108	0
Zotu1345	0	0	0	0	0	0	0	0	0	0	0	0	0	0	0	0	0	0
Zotu1694	0	0	0	0	0	0	0	0	0	0	0	0	0	0	0	0	0	0
Zotu1704	0	0	0	0	0	0	0	0	0	0	0	0	0	0	0	0	0	0
Zotu418	0	101	0	0	0	0	0	30	0	0	0	0	0	0	0	0	0	0
Zotu953	0	0	0	0	0	0	0	0	0	0	0	0	0	0	0	0	0	0
Zotu1830	0	0	0	0	0	0	0	0	0	0	0	0	0	0	0	0	0	0
Zotu981	0	0	0	0	0	0	0	0	0	0	0	0	0	0	0	0	0	52
Zotu1741	0	0	0	0	0	0	0	0	0	0	0	0	0	0	0	0	0	0
Zotu239	0	0	0	0	0	0	0	0	2	0	0	0	0	0	0	0	263	0
Zotu2392	0	0	0	0	0	0	0	0	0	0	0	0	0	0	0	0	0	0
Zotu1041	32	20	0	0	0	0	30	274	4	0	0	0	0	0	0	0	0	0
Zotu1405	1	0	0	0	0	0	0	0	0	0	0	0	0	0	0	0	0	0
Zotu1879	0	0	0	0	0	0	0	0	0	0	0	0	0	0	0	0	0	0
Zotu1930	0	0	0	0	0	0	0	0	0	0	0	0	0	0	0	0	0	0
Zotu2268	0	0	0	0	0	0	0	0	0	0	0	0	0	0	0	0	0	0
Zotu2130	0	0	0	0	0	9	8	0	0	0	0	0	0	0	0	0	0	0
Zotu192	0	279	0	0	0	1	6	141	0	0	0	0	11	0	0	0	0	0
Zotu574	0	49	0	0	0	0	0	0	0	0	0	0	0	0	0	1	90	0
Zotu814	0	82	0	0	0	0	0	0	0	0	0	0	0	0	0	0	0	0
Zotu1039	0	0	0	0	0	0	0	0	0	0	0	0	0	0	0	0	17	23
Zotu111	0	12	0	0	0	0	0	0	0	0	0	0	0	0	0	0	1095	0
Zotu1201	0	0	0	0	0	0	0	54	2	0	0	0	0	0	0	0	0	0
Zotu135	0	0	0	0	0	0	0	0	0	0	0	0	0	0	0	160	518	208
Zotu1646	0	0	0	0	0	0	0	0	0	0	0	0	0	0	0	0	24	0
Zotu177	0	0	0	0	0	0	0	0	0	0	0	0	0	0	0	477	282	0
Zotu1842	0	0	0	0	0	0	0	0	0	0	0	0	0	0	0	0	11	0
Zotu188	0	0	0	0	0	0	0	0	0	0	0	0	0	0	0	0	579	0
Zotu189	81	0	0	0	0	0	0	0	0	0	0	0	0	0	0	0	0	0
Zotu2021	0	10	0	0	0	2	0	0	3	0	0	0	0	0	0	0	0	0
Zotu321	0	0	0	0	0	0	0	0	0	0	0	0	0	0	0	0	171	0
Zotu354	0	0	0	0	0	0	0	0	0	0	0	0	0	0	0	0	268	0
Zotu444	0	0	0	0	0	0	0	0	0	0	0	0	0	0	0	99	63	0
Zotu5	0	0	0	0	0	0	0	1	0	0	0	0	0	0	0	27680	28184	7169
Zotu567	0	47	0	0	0	1	0	0	8	0	0	0	0	0	0	0	66	0
Zotu586	0	0	0	0	0	0	0	0	0	0	0	0	0	0	0	0	0	0
Zotu65	0	5	0	0	0	0	0	10	0	0	0	0	0	0	0	0	3512	103
Zotu761	0	29	0	0	0	0	0	0	0	0	0	0	0	0	0	0	0	0
Zotu78	0	21	0	0	0	0	6	0	0	0	0	0	0	0	0	0	2456	177
Zotu91	0	0	0	0	0	0	0	81	0	0	0	0	0	0	0	0	615	0
Zotu158	0	0	0	0	0	0	0	0	0	0	0	0	0	0	0	0	377	0
Zotu241	0	0	0	0	0	2	0	0	0	0	0	0	0	0	0	0	179	0
Zotu721	0	0	0	0	0	0	0	0	0	0	0	0	0	0	0	0	118	0
Zotu90	0	0	0	0	0	0	0	0	0	0	5	0	0	0	0	0	1229	301
Zotu1203	0	0	0	0	0	0	0	20	0	0	0	0	0	0	0	0	0	26
Zotu1215	0	0	0	0	0	2	0	60	0	0	0	0	0	0	0	0	0	0
Zotu187	0	0	0	0	0	0	0	0	0	0	0	0	0	0	0	0	351	0
Zotu330	0	0	0	0	0	2	0	0	0	0	0	0	0	0	0	0	241	0
Zotu502	0	0	0	0	0	0	0	0	0	0	0	0	0	0	0	0	148	0
Zotu659	0	0	0	0	0	0	0	0	0	0	0	0	0	0	0	0	71	0
Zotu668	0	0	0	0	0	0	0	0	0	0	0	0	0	0	0	0	140	0
Zotu696	0	0	0	0	0	0	0	0	0	0	0	0	0	0	0	0	96	0
Zotu1096	0	0	0	0	0	0	0	0	0	0	0	0	0	0	0	0	0	0
Zotu2037	0	0	0	0	0	1	0	0	1	0	0	0	0	0	0	0	0	0
Zotu1202	0	0	0	0	0	0	0	0	0	0	0	0	0	0	0	0	0	0
Zotu110	0	370	0	0	0	0	0	213	0	0	0	0	22	0	0	0	0	0
Zotu1229	0	0	0	0	0	0	0	0	0	0	0	0	0	0	0	0	0	0
Zotu2215	0	0	0	0	0	0	0	0	0	0	0	0	0	0	0	0	0	0
Zotu1559	0	0	0	0	0	0	0	27	0	0	0	0	0	0	0	0	0	0
Zotu1698	0	0	0	0	0	0	0	0	0	0	0	0	0	0	0	0	0	0
Zotu1815	0	0	0	0	0	0	0	0	0	0	0	0	0	0	0	0	33	0
Zotu1874	0	0	0	0	0	0	0	0	0	0	0	0	0	0	0	0	0	0
Zotu2231	0	0	0	0	0	0	0	0	0	0	0	0	0	0	0	0	0	0
Zotu255	0	5	0	0	0	0	0	0	3	0	0	0	0	0	0	0	308	109
Zotu636	0	0	0	0	0	0	0	0	0	0	0	0	0	0	0	0	65	0
Zotu909	0	0	0	0	0	0	0	0	0	0	0	0	0	0	0	0	76	0
Zotu911	0	0	0	0	0	0	0	0	0	0	0	0	0	0	0	0	64	0
Zotu1099	0	13	0	0	0	0	0	0	0	0	0	0	0	0	0	0	22	0
Zotu1146	0	0	0	0	0	1	0	0	0	0	0	0	0	0	0	0	7	0
Zotu1613	0	0	0	0	0	0	0	0	0	0	0	0	0	0	0	0	0	0
Zotu1956	0	0	0	0	0	0	0	0	0	0	0	0	0	0	0	0	15	0
Zotu2038	0	0	0	0	0	0	0	0	0	0	0	0	0	0	0	0	21	0
Zotu2099	0	0	0	0	0	0	0	0	0	0	0	0	0	0	0	0	0	0
Zotu2223	0	2	0	0	0	0	0	0	0	0	0	0	0	0	0	0	0	0
Zotu2335	0	0	0	0	0	0	0	0	0	0	0	0	0	0	0	0	0	0
Zotu2363	0	0	0	0	0	0	0	0	0	0	0	0	0	0	0	0	0	0
Zotu385	0	94	0	0	0	0	0	13	0	0	0	0	0	0	0	0	31	0
Zotu641	0	0	0	0	0	0	0	0	0	0	0	0	0	0	0	0	125	0
Zotu749	0	0	0	0	0	0	0	0	0	0	0	0	0	0	0	0	67	0
Zotu788	0	0	0	0	0	0	0	0	0	0	0	0	0	0	0	0	22	0
Zotu1056	0	1	0	0	0	1	0	56	0	0	0	0	0	0	0	0	0	0
Zotu2	0	669	0	27	0	10166	9299	24926	73218	338	427	157	80	0	0	0	0	0
Zotu2069	0	0	0	0	0	0	0	0	0	0	0	0	0	0	0	0	0	0
Zotu2307	0	22	0	0	0	0	0	0	0	0	0	0	0	0	0	0	0	0
Zotu1158	0	0	0	0	0	0	0	0	0	0	0	0	0	0	0	0	0	0
Zotu1479	0	0	0	0	0	0	0	0	0	0	0	0	0	0	0	0	0	0
Zotu583	0	36	0	0	0	0	0	0	0	0	0	0	0	0	0	0	93	0
Zotu1060	0	0	0	0	0	0	0	0	0	0	0	0	0	0	0	0	0	0
Zotu1632	0	0	0	0	0	0	0	0	0	0	0	0	0	0	0	0	0	0
Zotu1918	0	0	0	0	0	0	0	0	0	0	0	0	0	0	0	0	0	0
Zotu2263	0	0	0	0	0	0	0	0	0	0	0	0	0	0	0	0	0	0
Zotu2337	0	0	0	0	0	0	0	0	0	0	0	0	0	0	0	0	0	0
Zotu843	0	0	0	0	0	0	0	0	0	0	0	0	0	0	0	0	0	79
Zotu231	0	0	0	14	0	0	0	14	0	0	0	0	0	0	0	0	0	0
Zotu1141	0	0	0	0	0	0	0	0	0	0	0	0	0	0	0	0	53	0
Zotu1737	0	0	0	0	0	0	0	0	0	0	0	0	0	0	0	0	3	0
Zotu264	0	0	0	0	0	0	0	0	0	0	0	0	0	429	0	0	0	0
Zotu21	0	296	0	0	0	1160	21	494	3	0	4053	10828	2302	0	0	0	0	0
Zotu2024	0	0	0	0	0	0	0	0	0	0	0	0	0	0	0	0	15	0
Zotu924	0	0	0	0	0	0	0	0	3	0	0	0	0	0	0	0	0	0
Zotu1240	0	0	0	0	0	0	0	0	0	0	0	0	0	0	0	0	0	0
Zotu1282	0	0	0	0	0	0	0	0	0	0	0	0	0	0	0	0	41	0
Zotu1570	0	0	0	0	0	0	0	0	0	0	0	0	0	0	0	0	0	0
Zotu2270	0	0	0	0	0	0	0	0	0	0	0	0	0	0	0	0	0	12
Zotu1294	0	0	0	0	0	0	0	0	0	0	0	0	0	0	0	0	59	0
Zotu887	0	0	0	0	0	0	0	0	0	0	0	0	0	0	0	0	87	0
Zotu1781	0	0	0	0	0	0	0	0	0	0	0	0	0	0	0	0	13	0
Zotu755	0	0	0	0	0	0	0	0	0	0	18	0	0	0	0	0	40	0
Zotu1275	0	14	0	0	0	0	0	0	0	0	0	0	0	0	0	0	0	0
Zotu2161	0	11	0	0	0	0	0	0	0	0	0	0	0	0	0	0	0	0
Zotu2279	0	0	0	0	0	0	0	0	0	0	0	0	0	0	0	0	0	0
Zotu2049	0	0	0	0	0	0	0	0	0	0	0	0	0	0	0	0	0	0
Zotu1692	0	0	0	0	0	0	0	0	0	0	0	0	0	0	0	0	18	0
Zotu1584	0	0	0	0	0	0	0	0	0	0	0	0	0	0	0	0	0	0
Zotu88	251	21	98	110	0	1	0	0	1	671	0	0	53	0	0	1659	0	7
Zotu1591	0	0	0	0	0	0	0	0	0	0	0	0	0	0	0	0	0	0
Zotu1495	0	0	0	0	0	0	0	0	0	0	0	0	0	0	0	0	0	4
Zotu1647	0	0	0	0	0	0	0	0	0	0	0	0	0	0	0	0	0	0
Zotu287	0	18	0	0	0	4	29	215	55	40	0	32	0	0	0	0	29	0
Zotu787	0	53	0	0	0	0	0	32	5	0	0	0	0	0	0	0	0	0
Zotu133	0	147	0	0	0	27	25	613	50	0	16	0	0	0	0	0	39	0
Zotu1438	0	9	0	0	0	0	0	0	0	0	0	0	0	0	0	0	29	0
Zotu320	0	41	0	0	0	0	0	13	10	0	12	0	0	0	0	0	87	0
Zotu701	0	0	0	0	0	0	0	51	0	0	0	18	0	0	0	0	0	0
Zotu96	0	260	0	0	0	28	166	864	127	0	9	54	119	0	0	0	63	0
Zotu1170	0	0	0	0	0	0	0	0	0	0	0	0	0	0	0	0	83	0
Zotu2065	0	0	0	0	0	0	0	0	0	0	0	0	0	0	0	0	0	0
Zotu2239	0	0	0	0	0	0	0	0	12	0	0	0	0	0	0	0	0	0
Zotu313	0	0	0	0	0	0	0	0	6	0	0	0	0	0	0	40	194	0
Zotu33	0	0	0	0	0	0	0	0	13	0	0	22	0	106	0	3115	4421	282
Zotu36	0	0	0	4770	0	0	0	0	0	0	0	0	0	0	0	0	0	0
Zotu562	0	0	0	0	0	0	0	0	0	0	0	0	0	0	0	0	19	0
Zotu1417	0	0	0	0	0	0	0	0	0	0	0	0	0	0	0	0	0	0
Zotu383	0	0	0	0	0	4	6	0	0	0	0	0	0	0	0	0	69	0
Zotu726	0	0	33	0	0	0	1	0	0	0	0	0	0	0	0	0	0	0
Zotu1686	1	0	0	0	0	0	0	0	0	0	0	0	0	0	0	0	0	0
Zotu756	0	0	0	0	0	0	0	0	0	0	0	0	0	0	0	0	0	0
Zotu776	0	0	0	0	0	0	51	0	121	0	0	0	0	0	0	0	0	0
Zotu1716	0	0	0	0	0	48	0	3	0	0	0	0	0	0	0	0	0	0
Zotu1610	0	0	0	0	0	0	0	0	0	0	0	0	0	0	0	0	0	0
Zotu10	0	0	7174	5963	511	0	0	0	0	0	0	0	0	0	0	0	0	0
Zotu1058	0	0	0	0	0	0	0	0	0	4	0	0	114	0	0	0	0	0
Zotu2250	0	0	0	0	0	0	0	0	0	0	0	0	0	0	0	0	7	0
Zotu118	0	0	125	53	2	0	39	0	8	0	2	0	0	0	0	189	323	20
Zotu1480	0	0	0	0	0	0	0	0	0	0	0	0	0	0	0	0	0	2
Zotu151	0	0	0	0	0	4	210	741	11	0	15	95	4	5	0	0	175	0
Zotu270	0	5	0	31	0	0	0	0	0	16	0	0	2	0	0	0	9	0
Zotu348	0	0	0	0	0	0	0	0	0	3	0	0	0	0	0	0	88	0
Zotu58	0	0	242	84	65	0	197	0	12	0	0	0	0	0	0	947	1664	127
Zotu310	0	0	0	0	0	0	0	0	0	0	0	0	0	0	0	31	208	0
Zotu1946	0	0	0	0	0	0	0	0	0	0	0	0	0	0	0	0	0	0