Category	Acanthamunnopsis1	Acanthamunnopsis3	Acanthamunnopsis4	Cyclothone1	Cyclothone2	Cyclothone3	Cyclothone4	Euphausia1	Euphausia2	Euphausia3	Euphausia4	Munneurycope1	Munneurycope2	Munneurycope3	Stenobrachius1	Stenobrachius2	Stenobrachius3	Stenobrachius4	Poeobius1	Poeobius2	Poeobius3	Poeobius4	Poeobius5	Poeobius6	Eusergestes1	Eusergestes2	Eusergestes3	Eusergestes4	Tomopteris1	Tomopteris2	Vampyroteuthis1	Vampyroteuthis2	Vitreosalpa1	Vitreosalpa2	Vitreosalpa3	Vitreosalpa4	Vitreosalpa5
"Chemoheterotrophy"	0.2177263969	0.8906770256	0.2241777798	0.8172879541	0.5513366514	0.7833211621	0.8884023597	0.3923578900	0.5090181490	0.4544155844	0.1260138692	0.7872277354	0.3762439316	0.2217504452	0.6618057534	0.9234560574	0.8658451110	0.9523728391	0.8593575058	0.9401521803	0.2389312977	0.9917811668	0.6561184723	0.9065828402	0.8275715918	0.7280861673	0.7852622697	0.7917261871	0.8352078857	0.4468965517	0.9402326196	0.7929862377	0.6926603402	0.4239938080	0.7010139199	0.2682362143	0.5979523456
"Aerobic Chemoheterotrophy"	0.0000000000	0.0159082501	0.1431576028	0.7704608336	0.0184206476	0.1006180646	0.0215289181	0.0722785580	0.1930306617	0.3156122449	0.0631013325	0.5687949069	0.3382856997	0.1873031092	0.5240102535	0.9050221106	0.8259029571	0.8963971639	0.1057617776	0.9237072556	0.0465648855	0.9890655348	0.5343725642	0.8616494082	0.6977849851	0.5873941878	0.7250738293	0.6279069767	0.0000000000	0.0432183908	0.1008723236	0.1617476372	0.3488974465	0.0291709666	0.0387008077	0.1795698083	0.0426749814
"Fermentation"	0.0289017341	0.3977293748	0.0474033328	0.3938803439	0.3313151008	0.3289635395	0.3931764277	0.3366015162	0.4178221170	0.3288589981	0.0600878626	0.5268276846	0.0322625859	0.0710998493	0.4354884648	0.9126070247	0.8413847560	0.9185331778	0.0110240289	0.1140564148	0.0427480916	0.1256024746	0.0656274357	0.7081730769	0.1486013342	0.1662347133	0.0541414710	0.2245014570	0.3666119045	0.0068965517	0.4192175522	0.3624606201	0.2851510567	0.0118335053	0.2809073724	0.0848025029	0.2534251676
"Cellulolysis"	0.0000000000	0.0000000000	0.0016063050	0.0104275132	0.0000000000	0.0003027982	0.0000000000	0.0031029078	0.0119208657	0.0241465677	0.0019750935	0.0068180856	0.0023572584	0.0098205725	0.0000000000	0.0004632009	0.0022180228	0.0001310599	0.0000000000	0.0037594831	0.0000000000	0.0004496079	0.0000000000	0.0012204142	0.0000000000	0.0034490574	0.0000000000	0.0000000000	0.0000000000	0.0000000000	0.0000000000	0.0000000000	0.0062577362	0.0000343997	0.0000000000	0.0007508799	0.0001675354
"Chitinolysis"	0.0000000000	0.0000000000	0.0076617283	0.3599648946	0.0022576838	0.0025292557	0.0096089521	0.0442244330	0.1643698569	0.1985899814	0.0386958574	0.3363447721	0.0046890330	0.0463635119	0.2635146682	0.9016349543	0.8147862270	0.8864104009	0.0000000000	0.1029130366	0.0000000000	0.1240198547	0.0000000000	0.6657051281	0.0416467033	0.0573923155	0.0310786106	0.1224501457	0.0000000000	0.0000000000	0.0000264340	0.0031503897	0.0671847064	0.0003955968	0.0000343702	0.0403597966	0.0008097543
"Xylanolysis"	0.0000000000	0.0219894562	0.0008204867	0.0013090173	0.0242701011	0.0170101348	0.0166028097	0.0000639775	0.0001831812	0.0000092764	0.0000290455	0.0005646448	0.0001019355	0.0000410903	0.0000000000	0.0000361876	0.0002306744	0.0010222671	0.0000861252	0.0000000000	0.0000000000	0.0000000000	0.0001558846	0.0029832347	0.0203258025	0.0000197089	0.0000000000	0.0022855837	0.0473903703	0.0000000000	0.0164948454	0.0172442381	0.0032320176	0.0001719986	0.0117202268	0.0037074697	0.0000186150
"Aromatic Compound Degradation"	0.0000000000	0.0000000000	0.0000000000	0.0000000000	0.0021037508	0.0044351032	0.0075412029	0.0000000000	0.0005354526	0.0000000000	0.0000363069	0.0000000000	0.0000764516	0.0005615669	0.0000000000	0.0003908257	0.0000000000	0.0000000000	0.0002583757	0.0000000000	0.0000000000	0.0000899216	0.3170693686	0.0037845168	0.0000000000	0.0013007874	0.0180705949	0.0083995200	0.0000000000	0.0000000000	0.0000000000	0.0000000000	0.0008251960	0.0000687994	0.0000000000	0.0013609699	0.0000000000
"Hydrocarbon Degradation"	0.0000000000	0.0000000000	0.0055816211	0.0010263886	0.0029247268	0.0040610584	0.0000000000	0.0001919324	0.0008031789	0.0006400742	0.0000217841	0.0018774439	0.0001656452	0.0005067799	0.0000000000	0.0001447503	0.0008872091	0.0000000000	0.0001722505	0.0003601900	0.0000000000	0.0002158118	0.0000000000	0.0002958580	0.0206575019	0.0256314239	0.0027422303	0.0058853780	0.0000000000	0.2377011494	0.0000000000	0.0073785442	0.0187044423	0.0000343997	0.0000000000	0.0012358232	0.0000000000
"Aromatic Hydrocarbon Degradation"	0.0000000000	0.0000000000	0.0000000000	0.0000000000	0.0000000000	0.0000000000	0.0000000000	0.0000000000	0.0000000000	0.0000000000	0.0000000000	0.0000000000	0.0000000000	0.0000000000	0.0000000000	0.0000000000	0.0000000000	0.0000000000	0.0000000000	0.0000000000	0.0000000000	0.0000899216	0.0000000000	0.0002958580	0.0000000000	0.0000000000	0.0000000000	0.0000000000	0.0000000000	0.0000000000	0.0000000000	0.0000000000	0.0000000000	0.0000000000	0.0000000000	0.0000000000	0.0000000000
"Aliphatic Non-Methane Hydrocarbon Degradation"	0.0000000000	0.0000000000	0.0000000000	0.0006545087	0.0000000000	0.0000000000	0.0000000000	0.0001919324	0.0008031789	0.0005287570	0.0000000000	0.0016233537	0.0000891936	0.0005067799	0.0000000000	0.0001447503	0.0000000000	0.0000000000	0.0000000000	0.0003601900	0.0000000000	0.0002158118	0.0000000000	0.0002958580	0.0000000000	0.0084452635	0.0000000000	0.0058853780	0.0000000000	0.0000000000	0.0000000000	0.0000000000	0.0153348920	0.0000343997	0.0000000000	0.0000000000	0.0000000000
"Plastic Degradation"	0.0000000000	0.0000000000	0.0000000000	0.0000000000	0.0000000000	0.0022977041	0.0000000000	0.0000000000	0.0000000000	0.0000000000	0.0000000000	0.0000000000	0.0000000000	0.0000000000	0.0000000000	0.0000000000	0.0000000000	0.0000000000	0.0000000000	0.0000000000	0.0000000000	0.0000000000	0.1194076383	0.0000000000	0.0000000000	0.0000000000	0.0000000000	0.0000000000	0.0000000000	0.0000000000	0.0000000000	0.0000000000	0.0000000000	0.0000000000	0.0000000000	0.0007195933	0.0000000000
"Methanol Oxidation"	0.0000000000	0.0000000000	0.0055816211	0.0005355071	0.0029247268	0.0033307803	0.0000000000	0.0000959662	0.0000000000	0.0004638219	0.0001089206	0.0013974958	0.0007135485	0.0003972059	0.0000000000	0.0000000000	0.0008872091	0.0001310599	0.7423994488	0.0009004750	0.0000000000	0.0000719373	0.0709275136	0.0000000000	0.0206575019	0.0161021709	0.0027422303	0.0000000000	0.0000000000	0.2377011494	0.0000000000	0.0062178743	0.0033695503	0.3788097695	0.0334765424	0.0007665233	0.3011448251
"Methanotrophy"	0.0000000000	0.0000000000	0.0055816211	0.0000000000	0.0029247268	0.0031170404	0.0000000000	0.0000000000	0.0000000000	0.0001113173	0.0000217841	0.0002117418	0.0000000000	0.0000000000	0.0000000000	0.0000000000	0.0008872091	0.0000000000	0.0000000000	0.0000000000	0.0000000000	0.0000000000	0.0000000000	0.0000000000	0.0206575019	0.0158065374	0.0027422303	0.0000000000	0.0000000000	0.2377011494	0.0000000000	0.0062178743	0.0033695503	0.0000000000	0.0000000000	0.0004693000	0.0000000000
"Methylotrophy"	0.0000000000	0.0000000000	0.0055816211	0.0005355071	0.0029247268	0.0033307803	0.0000000000	0.0000959662	0.0000000000	0.0004638219	0.0001089206	0.0014116119	0.0007262904	0.0003972059	0.0000000000	0.0000000000	0.0008872091	0.0001310599	0.7423994488	0.0009004750	0.0000000000	0.0000719373	0.0709275136	0.0000000000	0.0206575019	0.0168116913	0.0027422303	0.0000000000	0.0000000000	0.2377011494	0.0000000000	0.0062178743	0.0049053317	0.3789989680	0.0334765424	0.0007665233	0.3013682056
"Phototrophy"	0.0000000000	0.0000000000	0.0015022997	0.0004908815	0.0000000000	0.0000000000	0.0000000000	0.0000319887	0.0002818172	0.0002597403	0.0001307047	0.0009175477	0.0033256457	0.0208601561	0.0081458274	0.0000000000	0.0000000000	0.0000000000	0.0000000000	0.0008892191	0.0000000000	0.0003776707	0.0000000000	0.0037721893	0.0000000000	0.0046217369	0.0000000000	0.0000000000	0.0000000000	0.0000000000	0.0000000000	0.0000000000	0.0011690276	0.0000000000	0.0000000000	0.0000000000	0.0005491437
"Photoautotrophy"	0.0000000000	0.0000000000	0.0015022997	0.0000000000	0.0000000000	0.0000000000	0.0000000000	0.0000319887	0.0002818172	0.0000000000	0.0001089206	0.0003529030	0.0027267746	0.0197233256	0.0081458274	0.0000000000	0.0000000000	0.0000000000	0.0000000000	0.0000000000	0.0000000000	0.0000000000	0.0000000000	0.0000000000	0.0000000000	0.0026902648	0.0000000000	0.0000000000	0.0000000000	0.0000000000	0.0000000000	0.0000000000	0.0011690276	0.0000000000	0.0000000000	0.0000000000	0.0005491437
"Oxygenic Photoautotrophy"	0.0000000000	0.0000000000	0.0015022997	0.0000000000	0.0000000000	0.0000000000	0.0000000000	0.0000000000	0.0002818172	0.0000000000	0.0001089206	0.0002258579	0.0022298391	0.0185864950	0.0081458274	0.0000000000	0.0000000000	0.0000000000	0.0000000000	0.0000000000	0.0000000000	0.0000000000	0.0000000000	0.0000000000	0.0000000000	0.0026902648	0.0000000000	0.0000000000	0.0000000000	0.0000000000	0.0000000000	0.0000000000	0.0010085729	0.0000000000	0.0000000000	0.0000000000	0.0001489203
"Photosynthetic Cyanobacteria"	0.0000000000	0.0000000000	0.0015022997	0.0000000000	0.0000000000	0.0000000000	0.0000000000	0.0000000000	0.0002818172	0.0000000000	0.0001089206	0.0002258579	0.0022298391	0.0185864950	0.0081458274	0.0000000000	0.0000000000	0.0000000000	0.0000000000	0.0000000000	0.0000000000	0.0000000000	0.0000000000	0.0000000000	0.0000000000	0.0026902648	0.0000000000	0.0000000000	0.0000000000	0.0000000000	0.0000000000	0.0000000000	0.0010085729	0.0000000000	0.0000000000	0.0000000000	0.0001489203
"Aerobic Anoxygenic Phototrophy"	0.0000000000	0.0000000000	0.0000000000	0.0000000000	0.0000000000	0.0000000000	0.0000000000	0.0000000000	0.0000000000	0.0002597403	0.0000217841	0.0003529030	0.0001274194	0.0000958773	0.0000000000	0.0000000000	0.0000000000	0.0000000000	0.0000000000	0.0008892191	0.0000000000	0.0000000000	0.0000000000	0.0018491124	0.0000000000	0.0014683130	0.0000000000	0.0000000000	0.0000000000	0.0000000000	0.0000000000	0.0000000000	0.0000000000	0.0000000000	0.0000000000	0.0000000000	0.0000000000
"Anoxygenic Photoautotrophy"	0.0000000000	0.0000000000	0.0000000000	0.0000000000	0.0000000000	0.0000000000	0.0000000000	0.0000319887	0.0000000000	0.0000000000	0.0000000000	0.0001270451	0.0004969356	0.0011368306	0.0000000000	0.0000000000	0.0000000000	0.0000000000	0.0000000000	0.0000000000	0.0000000000	0.0000000000	0.0000000000	0.0000000000	0.0000000000	0.0000000000	0.0000000000	0.0000000000	0.0000000000	0.0000000000	0.0000000000	0.0000000000	0.0001604548	0.0000000000	0.0000000000	0.0000000000	0.0004002234
"Anoxygenic Photoautotrophy (S-oxidizing)"	0.0000000000	0.0000000000	0.0000000000	0.0000000000	0.0000000000	0.0000000000	0.0000000000	0.0000319887	0.0000000000	0.0000000000	0.0000000000	0.0001270451	0.0004969356	0.0011368306	0.0000000000	0.0000000000	0.0000000000	0.0000000000	0.0000000000	0.0000000000	0.0000000000	0.0000000000	0.0000000000	0.0000000000	0.0000000000	0.0000000000	0.0000000000	0.0000000000	0.0000000000	0.0000000000	0.0000000000	0.0000000000	0.0001604548	0.0000000000	0.0000000000	0.0000000000	0.0004002234
"Photoheterotrophy"	0.0000000000	0.0000000000	0.0000000000	0.0004908815	0.0000000000	0.0000000000	0.0000000000	0.0000000000	0.0000000000	0.0002597403	0.0000217841	0.0005646448	0.0005988711	0.0011368306	0.0000000000	0.0000000000	0.0000000000	0.0000000000	0.0000000000	0.0008892191	0.0000000000	0.0003776707	0.0000000000	0.0037721893	0.0000000000	0.0019314722	0.0000000000	0.0000000000	0.0000000000	0.0000000000	0.0000000000	0.0000000000	0.0000000000	0.0000000000	0.0000000000	0.0000000000	0.0000000000
"Dark Hydrogen Oxidation"	0.0000000000	0.0000000000	0.0000000000	0.0000000000	0.0000000000	0.0001959283	0.0000000000	0.0000479831	0.0000000000	0.0000000000	0.0000000000	0.0001129290	0.0007645163	0.0004656896	0.0000000000	0.0000000000	0.0000000000	0.0001310599	0.0197226768	0.0000000000	0.0000000000	0.0000000000	0.0000000000	0.0000000000	0.0000000000	0.0003054879	0.0000000000	0.0000000000	0.0000000000	0.0000000000	0.0000000000	0.0000000000	0.0013294824	0.0007051944	0.0000687403	0.0000000000	0.0650130305
"Knallgas Bacteria"	0.0000000000	0.0000000000	0.0000000000	0.0000000000	0.0000000000	0.0000000000	0.0000000000	0.0000000000	0.0000000000	0.0000000000	0.0000000000	0.0000000000	0.0005606453	0.0004656896	0.0000000000	0.0000000000	0.0000000000	0.0000000000	0.0012057532	0.0000000000	0.0000000000	0.0000000000	0.0000000000	0.0000000000	0.0000000000	0.0003054879	0.0000000000	0.0000000000	0.0000000000	0.0000000000	0.0000000000	0.0000000000	0.0001146106	0.0002407981	0.0000000000	0.0000000000	0.0008376768
"Dark Oxidation of Sulfur Compounds"	0.0000000000	0.0000000000	0.0000000000	0.0064112099	0.0000000000	0.0000000000	0.0000000000	0.0000319887	0.0000000000	0.0031632653	0.0002614094	0.0014257280	0.0030453231	0.0079578140	0.0000000000	0.0000000000	0.0000000000	0.0002883317	0.0197226768	0.0004052138	0.0000000000	0.0002697648	0.0000000000	0.0026873767	0.0000000000	0.0005912670	0.0000000000	0.0000000000	0.0000000000	0.0000000000	0.0000000000	0.0000000000	0.0081373493	0.0005503956	0.0000000000	0.0022682831	0.0648827252
"Dark Sulfide Oxidation"	0.0000000000	0.0000000000	0.0000000000	0.0055038229	0.0000000000	0.0000000000	0.0000000000	0.0000000000	0.0000000000	0.0019758813	0.0000000000	0.0010728251	0.0025356456	0.0068894672	0.0000000000	0.0000000000	0.0000000000	0.0002883317	0.0185169236	0.0003714459	0.0000000000	0.0002697648	0.0000000000	0.0026873767	0.0000000000	0.0000000000	0.0000000000	0.0000000000	0.0000000000	0.0000000000	0.0000000000	0.0000000000	0.0040113694	0.0004987960	0.0000000000	0.0022682831	0.0641753537
"Dark Sulfur Oxidation"	0.0000000000	0.0000000000	0.0000000000	0.0009073870	0.0000000000	0.0000000000	0.0000000000	0.0000319887	0.0000000000	0.0011873840	0.0002614094	0.0003529030	0.0005861291	0.0010683468	0.0000000000	0.0000000000	0.0000000000	0.0000000000	0.0197226768	0.0000337678	0.0000000000	0.0000000000	0.0000000000	0.0000000000	0.0000000000	0.0005912670	0.0000000000	0.0000000000	0.0000000000	0.0000000000	0.0000000000	0.0000000000	0.0041259799	0.0004987960	0.0000000000	0.0000000000	0.0648827252
"Respiration of Sulfur Compounds"	0.0000000000	0.0000000000	0.0006471445	0.0010263886	0.0000000000	0.0004809148	0.0000000000	0.0000159944	0.0000000000	0.0000000000	0.0000217841	0.0000000000	0.4865126591	0.3744692508	0.0000000000	0.0000000000	0.0000000000	0.0000000000	0.0012057532	0.0005065172	0.0000000000	0.0000000000	0.0438035854	0.0018860947	0.0000000000	0.0019019088	0.0000000000	0.0014284898	0.0000000000	0.0000000000	0.0000000000	0.0000000000	0.0004813643	0.0003955968	0.0000000000	0.0003285100	0.0040301564
"Sulfate Respiration"	0.0000000000	0.0000000000	0.0001271177	0.0007288847	0.0000000000	0.0001959283	0.0000000000	0.0000159944	0.0000000000	0.0000000000	0.0000217841	0.0000000000	0.0007262904	0.0004656896	0.0000000000	0.0000000000	0.0000000000	0.0000000000	0.0012057532	0.0005065172	0.0000000000	0.0000000000	0.0438035854	0.0000000000	0.0000000000	0.0011234073	0.0000000000	0.0014284898	0.0000000000	0.0000000000	0.0000000000	0.0000000000	0.0004813643	0.0003267974	0.0000000000	0.0000000000	0.0036485480
"Sulfur Respiration"	0.0000000000	0.0000000000	0.0000000000	0.0002975039	0.0000000000	0.0000000000	0.0000000000	0.0000000000	0.0000000000	0.0000000000	0.0000000000	0.0000000000	0.4857863687	0.3740035612	0.0000000000	0.0000000000	0.0000000000	0.0000000000	0.0000000000	0.0000000000	0.0000000000	0.0000000000	0.0000000000	0.0000000000	0.0000000000	0.0007785015	0.0000000000	0.0000000000	0.0000000000	0.0000000000	0.0000000000	0.0000000000	0.0000000000	0.0000687994	0.0000000000	0.0000000000	0.0003816083
"Thiosulfate Respiration"	0.0000000000	0.0000000000	0.0005200268	0.0000000000	0.0000000000	0.0002849866	0.0000000000	0.0000000000	0.0000000000	0.0000000000	0.0000000000	0.0000000000	0.0000000000	0.0000000000	0.0000000000	0.0000000000	0.0000000000	0.0000000000	0.0000000000	0.0000000000	0.0000000000	0.0000000000	0.0000000000	0.0018860947	0.0000000000	0.0000000000	0.0000000000	0.0000000000	0.0000000000	0.0000000000	0.0000000000	0.0000000000	0.0000000000	0.0000000000	0.0000000000	0.0003285100	0.0000000000
"Ureolysis"	0.0000000000	0.0000000000	0.0055816211	0.0000000000	0.0029247268	0.0034732736	0.0000000000	0.0000000000	0.0000000000	0.0001113173	0.0000217841	0.0002117418	0.0000000000	0.0000000000	0.0000000000	0.0000000000	0.0015259997	0.0000000000	0.0000000000	0.0000000000	0.0290076336	0.0000000000	0.0000000000	0.0000000000	0.0206575019	0.0158065374	0.0027422303	0.0000000000	0.0000000000	0.2377011494	0.0000000000	0.0062178743	0.0035300050	0.0000000000	0.0000000000	0.0004693000	0.0000000000
"Nitrogen Fixation"	0.0000000000	0.0006011839	0.0001848984	0.0014131437	0.0000000000	0.0002137399	0.0000000000	0.0000000000	0.0000000000	0.0005565863	0.0000363069	0.0000423484	0.0000509678	0.0000000000	0.0303617203	0.0002822630	0.0000000000	0.0000000000	0.0229954354	0.0012606650	0.0160305344	0.0000179843	0.0144972720	0.0089743590	0.0000000000	0.0023749224	0.0125861342	0.0004571167	0.0000000000	0.0432183908	0.0000000000	0.0000000000	0.0009627286	0.0000000000	0.0049493040	0.0021118498	0.0000744602
"Nitrification"	0.0000000000	0.0000000000	0.0000000000	0.0002082528	0.0000000000	0.0000000000	0.0000000000	0.0000000000	0.0000000000	0.0000000000	0.0000000000	0.0003529030	0.0004969356	0.0005752637	0.0000000000	0.0000000000	0.0000000000	0.0000000000	0.0326414607	0.0000000000	0.0000000000	0.0000179843	0.0000000000	0.0000000000	0.0000000000	0.0000000000	0.0000000000	0.0010856522	0.0000000000	0.0000000000	0.0000000000	0.0000000000	0.0000229221	0.3314585483	0.0682935212	0.0000000000	0.0008190618
"Aerobic Ammonia Oxidation"	0.0000000000	0.0000000000	0.0000000000	0.0002082528	0.0000000000	0.0000000000	0.0000000000	0.0000000000	0.0000000000	0.0000000000	0.0000000000	0.0003529030	0.0004841936	0.0004793864	0.0000000000	0.0000000000	0.0000000000	0.0000000000	0.0326414607	0.0000000000	0.0000000000	0.0000179843	0.0000000000	0.0000000000	0.0000000000	0.0000000000	0.0000000000	0.0010856522	0.0000000000	0.0000000000	0.0000000000	0.0000000000	0.0000229221	0.3314069487	0.0682935212	0.0000000000	0.0006236039
"Aerobic Nitrite Oxidation"	0.0000000000	0.0000000000	0.0000000000	0.0000000000	0.0000000000	0.0000000000	0.0000000000	0.0000000000	0.0000000000	0.0000000000	0.0000000000	0.0000000000	0.0000127419	0.0000958773	0.0000000000	0.0000000000	0.0000000000	0.0000000000	0.0000000000	0.0000000000	0.0000000000	0.0000000000	0.0000000000	0.0000000000	0.0000000000	0.0000000000	0.0000000000	0.0000000000	0.0000000000	0.0000000000	0.0000000000	0.0000000000	0.0000000000	0.0000515996	0.0000000000	0.0000000000	0.0001954579
"Denitrification"	0.0000000000	0.0000000000	0.0000000000	0.0001933776	0.0000000000	0.0001959283	0.0000000000	0.0000479831	0.0000000000	0.0000000000	0.0000000000	0.0001129290	0.0001274194	0.0000000000	0.0000000000	0.0000000000	0.0003548836	0.0001310599	0.0000000000	0.0000000000	0.0000000000	0.0000000000	0.0000000000	0.0000000000	0.0000000000	0.0000000000	0.0000000000	0.0000000000	0.0000000000	0.0000000000	0.0000000000	0.0000000000	0.0000000000	0.0000000000	0.0000000000	0.0000000000	0.0000000000
"Nitrate Denitrification"	0.0000000000	0.0000000000	0.0000000000	0.0001933776	0.0000000000	0.0001959283	0.0000000000	0.0000479831	0.0000000000	0.0000000000	0.0000000000	0.0001129290	0.0001274194	0.0000000000	0.0000000000	0.0000000000	0.0003548836	0.0001310599	0.0000000000	0.0000000000	0.0000000000	0.0000000000	0.0000000000	0.0000000000	0.0000000000	0.0000000000	0.0000000000	0.0000000000	0.0000000000	0.0000000000	0.0000000000	0.0000000000	0.0000000000	0.0000000000	0.0000000000	0.0000000000	0.0000000000
"Nitrite Denitrification"	0.0000000000	0.0000000000	0.0000000000	0.0001933776	0.0000000000	0.0001959283	0.0000000000	0.0000479831	0.0000000000	0.0000000000	0.0000000000	0.0001129290	0.0001274194	0.0000000000	0.0000000000	0.0000000000	0.0003548836	0.0001310599	0.0000000000	0.0000000000	0.0000000000	0.0000000000	0.0000000000	0.0000000000	0.0000000000	0.0000000000	0.0000000000	0.0000000000	0.0000000000	0.0000000000	0.0000000000	0.0000000000	0.0000000000	0.0000000000	0.0000000000	0.0000000000	0.0000000000
"Nitrous Oxide Denitrification"	0.0000000000	0.0000000000	0.0000000000	0.0001933776	0.0000000000	0.0001959283	0.0000000000	0.0000479831	0.0000000000	0.0000000000	0.0000000000	0.0001129290	0.0001274194	0.0000000000	0.0000000000	0.0000000000	0.0003548836	0.0001310599	0.0000000000	0.0000000000	0.0000000000	0.0000000000	0.0000000000	0.0000000000	0.0000000000	0.0000000000	0.0000000000	0.0000000000	0.0000000000	0.0000000000	0.0000000000	0.0000000000	0.0000000000	0.0000000000	0.0000000000	0.0000000000	0.0000000000
"Nitrate Reduction"	0.0000000000	0.0000000000	0.0415328079	0.3253503109	0.0241674791	0.0745417951	0.0472541507	0.3176641822	0.3613600496	0.2375417440	0.0256181244	0.4974096922	0.2587122998	0.0720312286	0.3410424381	0.8394502385	0.7992866839	0.8378920329	0.0105072776	0.1052542716	0.0404580153	0.1140565427	0.0144972720	0.6799556212	0.0137470976	0.1445746327	0.0436647448	0.1353065539	0.0000000000	0.0000000000	0.0000264340	0.0005803349	0.1678356943	0.0151358789	0.0000000000	0.0249667579	0.0037602383
"Nitrogen Respiration"	0.0000000000	0.0000000000	0.0021610003	0.0058757029	0.0000000000	0.0007302780	0.0000000000	0.0000959662	0.0000000000	0.0023562152	0.0000217841	0.0024279725	0.2335724570	0.0125188330	0.0000000000	0.0000000000	0.0003548836	0.0004456036	0.0105072776	0.0003714459	0.0000000000	0.0002697648	0.0144972720	0.0045734714	0.0000000000	0.0053805296	0.0354380537	0.0062853551	0.0000000000	0.0000000000	0.0000000000	0.0000000000	0.0068307890	0.0141382869	0.0000000000	0.0035041064	0.0014892033
"Nitrate Respiration"	0.0000000000	0.0000000000	0.0021032195	0.0058013269	0.0000000000	0.0007302780	0.0000000000	0.0000959662	0.0000000000	0.0021057514	0.0000000000	0.0023150435	0.2324893923	0.0123270785	0.0000000000	0.0000000000	0.0003548836	0.0004456036	0.0105072776	0.0003714459	0.0000000000	0.0002697648	0.0144972720	0.0045734714	0.0000000000	0.0000000000	0.0354380537	0.0000571396	0.0000000000	0.0000000000	0.0000000000	0.0000000000	0.0042405905	0.0139318886	0.0000000000	0.0035041064	0.0001954579
"Nitrite Respiration"	0.0000000000	0.0000000000	0.0000577808	0.0002677535	0.0000000000	0.0001959283	0.0000000000	0.0000479831	0.0000000000	0.0002504638	0.0000217841	0.0002258579	0.0012104841	0.0001917546	0.0000000000	0.0000000000	0.0003548836	0.0001310599	0.0000000000	0.0000000000	0.0000000000	0.0000000000	0.0000000000	0.0000000000	0.0000000000	0.0053805296	0.0000000000	0.0062282155	0.0000000000	0.0000000000	0.0000000000	0.0000000000	0.0025901985	0.0002063983	0.0000000000	0.0000000000	0.0012937453
"Animal Parasites or Symbionts"	0.0000000000	0.0638411025	0.4240991980	0.0071549698	0.4233670275	0.1501344781	0.0587484036	0.0095486389	0.1330317890	0.0441465677	0.0141306321	0.0019762567	0.0163988736	0.0282290097	0.0469381943	0.0013099899	0.0019074996	0.0055831509	0.0175695461	0.0002363747	0.0114503817	0.0000179843	0.1373343725	0.0128451677	0.0788707478	0.0263212354	0.1433694276	0.0180561111	0.0473903703	0.0000000000	0.0153053132	0.0331619964	0.0939348095	0.0033195734	0.0242997079	0.5245052796	0.2462397617
"Fish Parasites"	0.0000000000	0.0000000000	0.0000000000	0.0000000000	0.0000000000	0.0000000000	0.0000000000	0.0000000000	0.0000000000	0.0000000000	0.0000000000	0.0000000000	0.0000509678	0.0009861663	0.0000000000	0.0000000000	0.0000000000	0.0000000000	0.0000000000	0.0000000000	0.0000000000	0.0000000000	0.0000000000	0.0000000000	0.0000000000	0.0000000000	0.0000000000	0.0000000000	0.0000000000	0.0000000000	0.0000000000	0.0000000000	0.0000000000	0.0000000000	0.0000000000	0.0000000000	0.0000000000
"Invertebrate Parasites"	0.0000000000	0.0000000000	0.0001271177	0.0000743760	0.3869362204	0.1092032845	0.0351517363	0.0000639775	0.0062845226	0.0068738404	0.0002251026	0.0003952513	0.0029433876	0.0058211204	0.0013101680	0.0001230377	0.0008428487	0.0015727186	0.0004306261	0.0002363747	0.0000000000	0.0000000000	0.0006235386	0.0044501972	0.0209339181	0.0223301832	0.0959780622	0.0085137992	0.0000000000	0.0000000000	0.0000000000	0.0141767534	0.0853390180	0.0002579979	0.0000000000	0.4886820493	0.0020569620
"Intracellular Parasites"	0.0000000000	0.0000000000	0.0000000000	0.0000000000	0.0000000000	0.0000000000	0.0000000000	0.0004158536	0.0043681659	0.0011966605	0.0003558073	0.0000000000	0.0025611294	0.0008081085	0.0000000000	0.0000940877	0.0002484185	0.0000000000	0.0000000000	0.0000000000	0.0000000000	0.0000000000	0.0029618083	0.0000000000	0.0068182656	0.0124658790	0.0000000000	0.0061710759	0.0000000000	0.0000000000	0.0000000000	0.0000000000	0.0091459222	0.0004471964	0.0000000000	0.0032538131	0.0000651526
"Predatory or Exoparasitic"	0.0000000000	0.0000000000	0.0000000000	0.0018445244	0.0000000000	0.0000000000	0.0000000000	0.0000159944	0.0000000000	0.0006215213	0.0000000000	0.0001411612	0.0002166129	0.0001232708	0.0000000000	0.0000000000	0.0000000000	0.0000000000	0.0000000000	0.0004277256	0.0000000000	0.0000179843	0.0000000000	0.0000000000	0.0000000000	0.0028774993	0.0000000000	0.0044568882	0.0000000000	0.0000000000	0.0000000000	0.0000000000	0.0021776005	0.0002751978	0.0000000000	0.0000000000	0.0001396128
"Manganese Oxidation"	0.0000000000	0.0000000000	0.0000000000	0.0000000000	0.0000000000	0.0022977041	0.0000000000	0.0000000000	0.0000000000	0.0000000000	0.0000000000	0.0000000000	0.0000000000	0.0000000000	0.0000000000	0.0000000000	0.0000000000	0.0000000000	0.0000000000	0.0000000000	0.0000000000	0.0000000000	0.1194076383	0.0000000000	0.0000000000	0.0000000000	0.0000000000	0.0000000000	0.0000000000	0.0000000000	0.0000000000	0.0000000000	0.0000000000	0.0000000000	0.0000000000	0.0007195933	0.0000000000
"Reductive Acetogenesis"	0.0000000000	0.0000000000	0.0000000000	0.0000000000	0.0000000000	0.0000000000	0.0000000000	0.0000000000	0.0000000000	0.0000000000	0.0000000000	0.0000705806	0.0000000000	0.0000000000	0.0000000000	0.0000000000	0.0000000000	0.0000000000	0.0000000000	0.0000000000	0.0000000000	0.0000000000	0.0000000000	0.0000000000	0.0000000000	0.0000000000	0.0000000000	0.0000000000	0.0000000000	0.0000000000	0.0000000000	0.0000000000	0.0012148719	0.0000171999	0.0000687403	0.0000000000	0.0000000000
"Miscellaneous"	0.7822736030	0.0748473918	0.3514687868	0.1724184095	0.0607009082	0.0899666922	0.0764459040	0.5977415949	0.3536664412	0.4981632653	0.8594706458	0.2102595955	0.1135816312	0.3470346528	0.3287382512	0.0751760525	0.1324958079	0.0448093734	0.0707949358	0.0583057563	0.7610687023	0.0075174448	0.2943102105	0.0829265286	0.1446762245	0.2296382432	0.1068063563	0.1831323924	0.1647921142	0.5531034483	0.0597673804	0.1928370088	0.2007747673	0.2400068800	0.2239216360	0.2089323426	0.0862993299